2.579139390817845601e-01
2.435385201800883692e-01
2.337076089974784443e-01
2.282848969083605684e-01
2.245680755770502468e-01
2.221025730354508620e-01
2.193452778784119594e-01
2.173668870158073918e-01
2.158100409979758494e-01
2.144560868623169303e-01
2.133948859981115442e-01
2.132614012051622376e-01
2.110747823420288660e-01
2.103208758391162114e-01
2.090441388669933842e-01
2.082714502777389676e-01
2.078005522711548758e-01
2.070870105407045247e-01
2.066963093670017571e-01
2.059780944389895674e-01
2.058367658556052859e-01
2.055862913983689533e-01
2.048121008312215607e-01
2.043503971218517401e-01
2.038115678017859700e-01
2.039278761333086498e-01
2.038901466852679756e-01
2.027486966289849535e-01
2.034434411559255806e-01
2.054155184384345023e-01
2.069074286537993246e-01
2.031351157180396882e-01
2.029921372406240931e-01
2.035157062730912347e-01
2.031257134118933383e-01
2.016000745583411413e-01
2.033740318800364433e-01
2.021298641761060388e-01
2.027821246795500354e-01
2.027010508295714886e-01
1.998332899102148175e-01
1.985530855361899161e-01
1.989737715311235000e-01
1.980640568650058053e-01
1.978051064971307615e-01
1.976772923722036612e-01
1.984151149243523204e-01
1.975325233420664739e-01
1.975836221215311050e-01
1.972652980411162271e-01
1.972529953393413193e-01
1.973034068861595214e-01
1.977748905081552488e-01
1.970754425992922443e-01
1.977250748199695096e-01
1.968174993288799024e-01
1.966440871299539039e-01
1.965330684793185623e-01
1.964379137545844700e-01
1.964050874270274749e-01
1.962538349833337359e-01
1.963064582465166019e-01
1.964812923854200311e-01
1.961765622078173732e-01
1.959246046808581498e-01
1.961946493243429401e-01
1.957396512129538635e-01
1.956399690483144327e-01
1.955793013556739457e-01
1.956072451018322778e-01
1.954474500894931022e-01
1.954439834204334814e-01
1.954788058704496345e-01
1.952866026741259253e-01
1.956145611215980296e-01
1.951008363327027539e-01
1.949631813343283837e-01
1.948329259637927857e-01
1.947631839719716762e-01
1.946734890134617091e-01
1.946201057678042246e-01
1.946606562261924134e-01
1.945200239545178122e-01
1.944057889842739084e-01
1.943154558159953249e-01
1.942135328405937278e-01
1.945623560510361116e-01
1.941896420757933672e-01
1.952590284623047789e-01
1.941522058326095590e-01
1.943354251716392089e-01
1.939836401160819346e-01
1.945297344546968454e-01
1.941934985443172224e-01
1.939640211002015557e-01
1.938784271429272732e-01
1.937865157321967124e-01
1.952001989300931051e-01
1.951523745594304360e-01
1.943181980956179278e-01
1.939221971685236301e-01
1.939739202902767412e-01
1.936624425189338305e-01
1.938010850532466967e-01
1.935949256842251776e-01
1.942266544511201398e-01
1.939904833262577621e-01
1.943187220660284320e-01
1.931954725631884195e-01
1.932905076418287849e-01
1.934908865889654883e-01
1.931232203237781275e-01
1.929047727243647370e-01
1.929072539985287327e-01
1.928149403803330608e-01
1.925227684268162043e-01
1.924443784813099634e-01
1.923135123135233937e-01
1.926888285692582858e-01
1.922102156997787525e-01
1.923080349316239335e-01
1.923871427579612325e-01
1.922358904541246749e-01
1.923428089679581898e-01
1.922365176542197018e-01
1.921004806334621340e-01
1.920852351798947588e-01
1.929576243018802650e-01
1.919086401530560315e-01
1.926116764207277121e-01
1.947632978892036015e-01
1.919152400318474005e-01
1.918610416791603213e-01
1.918174560386420313e-01
1.916732854650901319e-01
1.916300928797758929e-01
1.915542391577575720e-01
1.923762929826858814e-01
1.916925284743453695e-01
1.914179864404360887e-01
1.920366983211329870e-01
1.914551922434433728e-01
1.913257326151603377e-01
1.913626252632770752e-01
1.914204182920687392e-01
1.934451283988498083e-01
1.913580439362130570e-01
1.915393462737910446e-01
1.910904287330315587e-01
1.909697431960513947e-01
1.909951888328628999e-01
1.910506511896992998e-01
1.915589103016645534e-01
1.908953540104844915e-01
1.907824278524871409e-01
1.914539959802333824e-01
1.914579851824334822e-01
1.919578449551331278e-01
1.912872257167552437e-01
1.907549335569630189e-01
1.907352965479801321e-01
1.907038184313837037e-01
1.906640406308464375e-01
1.904317238153649949e-01
1.906729475600685009e-01
1.912330090330633114e-01
1.903535881320306822e-01
1.909635701959133680e-01
1.905766191659011843e-01
1.906982819961902664e-01
1.905873549635238584e-01
1.905445957615616859e-01
1.912768238053743075e-01
1.905855315342283585e-01
1.913485685023066929e-01
1.907514924787470922e-01
1.901491847499253429e-01
1.901619715169422520e-01
1.900185306853760525e-01
1.898937413504942218e-01
1.903044306177332223e-01
1.900383042377568887e-01
1.898344352240635968e-01
1.896527981011650599e-01
1.897372502020788221e-01
1.896073289861790467e-01
1.903200030747619065e-01
1.905103120767723257e-01
1.904540680606042202e-01
1.897226386872044868e-01
1.900774019192496278e-01
1.897652472739762564e-01
1.896095263799664199e-01
1.894762885861982771e-01
1.897298954010543104e-01
1.894643700579408951e-01
1.895876613217400974e-01
1.896846296151311617e-01
1.894859568074981349e-01
1.894291733296246949e-01
1.893608592604408836e-01
1.893343937896248552e-01
1.896734629637812919e-01
1.893422849833356902e-01
1.892931415883901125e-01
1.894033780833403457e-01
1.896434476546460524e-01
1.895384138913386585e-01
1.897768705656460442e-01
1.893406003218368883e-01
1.892748694812448063e-01
1.892093940578502276e-01
1.896199387095452715e-01
1.893337816124476547e-01
1.892250700912413708e-01
1.894529741363040198e-01
1.901416046573184693e-01
1.897792230901424182e-01
1.898081426422501272e-01
1.892214207541623727e-01
1.890979479000275965e-01
1.890769245244057761e-01
1.895709705367429609e-01
1.892211624609353438e-01
1.894842875761783285e-01
1.892162763593333019e-01
1.890103815879223270e-01
1.892243019052228525e-01
1.891223689881557646e-01
1.890036696459393983e-01
1.891501174752149850e-01
1.890494803315368733e-01
1.889108203319790069e-01
1.892059547284704046e-01
1.888547737034648177e-01
1.888806247397538385e-01
1.888183489187424680e-01
1.891064690118092750e-01
1.887686126634779138e-01
1.890981772725113252e-01
1.887766178784501814e-01
1.893376173687183195e-01
1.888702375568425684e-01
1.889658125584167403e-01
1.887102168756156773e-01
1.886930535987479118e-01
1.887970526876787125e-01
1.886878989906969062e-01
1.887426664449828317e-01
1.886160174432977843e-01
1.885938527387370500e-01
1.886122141463996149e-01
1.886687859335501039e-01
1.888171220319642685e-01
1.889866802013016878e-01
1.886939200430440555e-01
1.886961646864387665e-01
1.886324432699048037e-01
1.887763607862085191e-01
1.888761470241866747e-01
1.884972310969026399e-01
1.886232322504164394e-01
1.884812720088232807e-01
1.887749108603840875e-01
1.884880636954941735e-01
1.887585997710067021e-01
1.887155134428621095e-01
1.884765879412167722e-01
1.884126423084588053e-01
1.884892672015434367e-01
1.885058727722082883e-01
1.884276143341623300e-01
1.884440903029179215e-01
1.884435775559469561e-01
1.883926362892230644e-01
1.884552084878861056e-01
1.887456883451088807e-01
1.886212802414396206e-01
1.884547428604503305e-01
1.884835490984403672e-01
1.886507551483023459e-01
1.886121413614945119e-01
1.884163090616467751e-01
1.883330225223808496e-01
1.882525254466563269e-01
1.882539841896734567e-01
1.881322972867374432e-01
1.881210853366670765e-01
1.881650682174329792e-01
1.881661439997324992e-01
1.886434432599526367e-01
1.881248242374535251e-01
1.881210570011487837e-01
1.881351525828545146e-01
1.880736058309122882e-01
1.880735705756894360e-01
1.882746171104183741e-01
1.880593513831503028e-01
1.880504710499665832e-01
1.880342749202356945e-01
1.880503860264838567e-01
1.880326923618392265e-01
1.880185544580797175e-01
1.880813835270548628e-01
1.881081537916684532e-01
1.880214865297388793e-01
1.881549348289339729e-01
1.879937111148874129e-01
1.881219200675448011e-01
1.879782619431926149e-01
1.879932318261490209e-01
1.880279297994073007e-01
1.880492275096805610e-01
1.879594369384925689e-01
1.879410701470783096e-01
1.879380651577381434e-01
1.880418224237688507e-01
1.879374053769849451e-01
1.879151390832804469e-01
1.879672021123101056e-01
1.879008788324489643e-01
1.878924993017268563e-01
1.879255027795739552e-01
1.880465075575825651e-01
1.882204099357499549e-01
1.880606481635055116e-01
1.883535077166932359e-01
1.879989007530614153e-01
1.880159333541808753e-01
1.878957833524851628e-01
1.880018377642229954e-01
1.879536675061650730e-01
1.878685550440938046e-01
1.878340988347904361e-01
1.878183368423363975e-01
1.878261961077978270e-01
1.878085405038920630e-01
1.878037530577815750e-01
1.878007734002666573e-01
1.877987348998276240e-01
1.877971089069354615e-01
1.878157580749952593e-01
1.877921586992694070e-01
1.877854896069336976e-01
1.877811061994124342e-01
1.878072630573879020e-01
1.877900599471921117e-01
1.877879113862980232e-01
1.877949266475816281e-01
1.877699767773393369e-01
1.877638697234177978e-01
1.877689944740059125e-01
1.878063755623311792e-01
1.877961166295716577e-01
1.878138420929927055e-01
1.878044913386489601e-01
1.877690087004278419e-01
1.877673569405440834e-01
1.877465766491688004e-01
1.877380419769427988e-01
1.877413044041605916e-01
1.877309054639004215e-01
1.877238319862238325e-01
1.877237402756292972e-01
1.877395476653025697e-01
1.877105256142611867e-01
1.877116371130950478e-01
1.877069023326168318e-01
1.877115950110664899e-01
1.877024796381846772e-01
1.876940828527323413e-01
1.877027828446112823e-01
1.877228422128343344e-01
1.877056848827773905e-01
1.876960516167110737e-01
1.876783686359594083e-01
1.876743113727012136e-01
1.876714797878602792e-01
1.876816717231150899e-01
1.876622942650624515e-01
1.876798481790953599e-01
1.876875407738065604e-01
1.876616329082898271e-01
1.876826950895637280e-01
1.876469397749671308e-01
1.876420667885846105e-01
1.876812368819373578e-01
1.876891991435420404e-01
1.876522528111368160e-01
1.876334544569171481e-01
1.876265998997497797e-01
1.876294094172078764e-01
1.876304059871308494e-01
1.876190078207655432e-01
1.876209023629251404e-01
1.876109962103846007e-01
1.876031412229744733e-01
1.876002095711240547e-01
1.876108521307878751e-01
1.875952328367800903e-01
1.875902759360468242e-01
1.875878790729678669e-01
1.876301953584450233e-01
1.876132784196769265e-01
1.876150704553873894e-01
1.875744671456079926e-01
1.875747044807901109e-01
1.875869185019052587e-01
1.875660985213606913e-01
1.875830627665842354e-01
1.875920317320845798e-01
1.875624382881314889e-01
1.875545656194034516e-01
1.875498119249452422e-01
1.875435476037485560e-01
1.875458032259778585e-01
1.875392834238530926e-01
1.875396398047270430e-01
1.875357049185180092e-01
1.875444471427189508e-01
1.875428330279572398e-01
1.875355714325899481e-01
1.875295786003080833e-01
1.875278688170803620e-01
1.875238418454942824e-01
1.875226689423550308e-01
1.875246688123632932e-01
1.875210649554630848e-01
1.875166964744293119e-01
1.875148147214144023e-01
1.875178018056156692e-01
1.875316281685136532e-01
1.875153664117932550e-01
1.875069019851002827e-01
1.875064650329514027e-01
1.875138746197140271e-01
1.875022486172006342e-01
1.874991396667849697e-01
1.874972957900136183e-01
1.875004316469060517e-01
1.874955642391022692e-01
1.874963053934798618e-01
1.874959268678514923e-01
1.874887762086513143e-01
1.874939775741873982e-01
1.874875568753882893e-01
1.874826832727873038e-01
1.874808900199251838e-01
1.874796910862580879e-01
1.874817429093320054e-01
1.874831978350094130e-01
1.874728313241108557e-01
1.874718259536858611e-01
1.874683882841302884e-01
1.874743644795403841e-01
1.874752344208553967e-01
1.874731685982075347e-01
1.874628729789525883e-01
1.874594095526096738e-01
1.874651493773991096e-01
1.874537662610317179e-01
1.874526171836644606e-01
1.874654376682388657e-01
1.874515109816189407e-01
1.874525135194374248e-01
1.874479162845802682e-01
1.874479132123902103e-01
1.874456475824955171e-01
1.874448614310580130e-01
1.874438594033259742e-01
1.874425604846751137e-01
1.874429726877045732e-01
1.874483895851956905e-01
1.874447778724202263e-01
1.874396542329348492e-01
1.874385162786090520e-01
1.874374943426096174e-01
1.874380096590825551e-01
1.874363613272152784e-01
1.874363248490685252e-01
1.874358185405422261e-01
1.874348774684323760e-01
1.874344990748311734e-01
1.874348051980641860e-01
1.874332082796358878e-01
1.874352013745732015e-01
1.874320819675900640e-01
1.874317480630972033e-01
1.874313556321352547e-01
1.874304817428222580e-01
1.874301675937653788e-01
1.874299415663405188e-01
1.874296917715507216e-01
1.874294140552847932e-01
1.874290427783106561e-01
1.874290031337536300e-01
1.874284805659018893e-01
1.874282431949622352e-01
1.874280290914976665e-01
1.874280048245047792e-01
1.874276255080938869e-01
1.874274995908311037e-01
1.874271085481386268e-01
1.874270513248834646e-01
1.874268496453330157e-01
1.874266585571665589e-01
1.874265723575384845e-01
1.874263917908790544e-01
1.874262660777389344e-01
1.874261118441921670e-01
1.874259869230486819e-01
1.874258438878751987e-01
1.874256386762188364e-01
1.874256115041879334e-01
1.874255611142922884e-01
1.874254541670467566e-01
1.874254226631821285e-01
1.874253088184897331e-01
1.874252266633545105e-01
1.874251640239877892e-01
1.874250962750580729e-01
1.874250384264349312e-01
1.874249447929299539e-01
1.874248967910920050e-01
1.874248284991879010e-01
1.874248026043842663e-01
1.874247937006333353e-01
1.874247436384030574e-01
1.874247229079451793e-01
1.874246624376792181e-01
1.874246047384553471e-01
1.874246026509341079e-01
1.874245732370915518e-01
1.874245034227188245e-01
1.874244683493645203e-01
1.874244866636109730e-01
1.874244743906928190e-01
1.874244202230952727e-01
1.874244319487753108e-01
1.874244071829783975e-01
1.874243912297802739e-01
1.874243842411719985e-01
1.874243629595050142e-01
1.874243561838017103e-01
1.874243362166949922e-01
1.874243251438136859e-01
1.874243201443867024e-01
1.874242848245940840e-01
1.874242956978635077e-01
1.874242867356442355e-01
1.874242688627442421e-01
1.874242655856764861e-01
1.874242598879902466e-01
1.874242663104676576e-01
1.874242452861841213e-01
1.874242616265106021e-01
1.874242308965395343e-01
1.874242273578688167e-01
1.874242292855577974e-01
1.874242268498949593e-01
1.874242244378098443e-01
1.874242233057026585e-01
1.874242219281885835e-01
1.874242177850818369e-01
1.874242158349693488e-01
1.874242172686859387e-01
1.874242159323593615e-01
1.874242144300494184e-01
1.874242128786845207e-01
1.874242134714214914e-01
1.874242121855343723e-01
1.874242113813161525e-01
1.874242104974452872e-01
1.874242101847682362e-01
1.874242110510732084e-01
1.874242072505320766e-01
1.874242088790680494e-01
1.874242091572433377e-01
1.874242082665455722e-01
1.874242090753809875e-01
1.874242075652893247e-01
1.874242076874251817e-01
1.874242084715986023e-01
1.874242093513339980e-01
1.874242095689831189e-01
1.874242080794131793e-01
1.874242097212711899e-01
1.874242071673069554e-01
1.874242072059347508e-01
1.874242072715921748e-01
1.874242043932615731e-01
1.874242040922826646e-01
1.874242042655621665e-01
1.874242045108677202e-01
1.874242046456519317e-01
1.874242044360650006e-01
1.874242044304752774e-01
1.874242039911399038e-01
1.874242043381275091e-01
1.874242046010372587e-01
1.874242063000127745e-01
1.874242065884350328e-01
1.874242066073322222e-01
1.874242063303707406e-01
1.874242063113240875e-01
1.874242063216588483e-01
1.874242063555296156e-01
1.874242064226853965e-01
1.874242065224697162e-01
1.874242063068778108e-01
1.874242062240358553e-01
1.874242059938528993e-01
1.874242060465611259e-01
1.874242060179599212e-01
1.874242060305603697e-01
1.874242059766923485e-01
1.874242060350526096e-01
1.874242060112380481e-01
1.874242060605084692e-01
1.874242060435358515e-01
1.874242060878086036e-01
1.874242061255862457e-01
1.874242061080772237e-01
1.874242062147529753e-01
1.874242062427033950e-01
1.874242062482343596e-01
1.874242062796863117e-01
1.874242063045862272e-01
1.874242063217778642e-01
1.874242063538534564e-01
1.874242063029926408e-01
1.874242062237043427e-01
1.874242061702149631e-01
1.874242061896289058e-01
1.874242062760774485e-01
1.874242062404440634e-01
1.874242062240703277e-01
1.874242061673336013e-01
1.874242062210210447e-01
1.874242063193932162e-01
1.874242063159672900e-01
1.874242063556924298e-01
1.874242063158142735e-01
1.874242062797481234e-01
1.874242063672111602e-01
1.874242063480826281e-01
1.874242061964455086e-01
1.874242061763871925e-01
1.874242061690273020e-01
1.874242061029747497e-01
1.874242061934809911e-01
1.874242061434278350e-01
1.874242061759849309e-01
1.874242061742855958e-01
1.874242061982506757e-01
1.874242061219815736e-01
1.874242060713176283e-01
1.874242061193688580e-01
1.874242061893543754e-01
1.874242062136727005e-01
1.874242061443397445e-01
1.874242061423612438e-01
1.874242061422391192e-01
1.874242062467624814e-01
1.874242063363129873e-01
1.874242063679082693e-01
1.874242063401849734e-01
1.874242064612069159e-01
1.874242064572877176e-01
1.874242064278352493e-01
1.874242064517692430e-01
1.874242064405567121e-01
1.874242064331070878e-01
1.874242065177764704e-01
1.874242064321102186e-01
1.874242063964754734e-01
1.874242064681432285e-01
1.874242063192469165e-01
1.874242064338845215e-01
1.874242064575981637e-01
1.874242064459166746e-01
1.874242064455217960e-01
1.874242064182283229e-01
1.874242063432577099e-01
1.874242063411938330e-01
1.874242063624204924e-01
1.874242063689051385e-01
1.874242062121319330e-01
1.874242062542812171e-01
1.874242061731911657e-01
1.874242059773559843e-01
1.874242059524827697e-01
1.874242059952228590e-01
1.874242059669095350e-01
1.874242060286768485e-01
1.874242059992204945e-01
1.874242061916531477e-01
1.874242061450531460e-01
1.874242062555825095e-01
1.874242062589203395e-01
1.874242061462370601e-01
1.874242062182530644e-01
1.874242061444179319e-01
1.874242062104026219e-01
1.874242062824849064e-01
1.874242062705069878e-01
1.874242062017381916e-01
1.874242062795827279e-01
1.874242062900131622e-01
1.874242063401343472e-01
1.874242065137267654e-01
1.874242065743414176e-01
1.874242066391026695e-01
1.874242066743486146e-01
1.874242067234079268e-01
1.874242066860737355e-01
1.874242067305718629e-01
1.874242066449422761e-01
1.874242067146235646e-01
1.874242066748870728e-01
1.874242066036591325e-01
1.874242067540863865e-01
1.874242067806952683e-01
1.874242068248946902e-01
1.874242066452251054e-01
1.874242066619348779e-01
1.874242066584419497e-01
1.874242066991100852e-01
1.874242067830726721e-01
1.874242066815661190e-01
1.874242064925269458e-01
1.874242063675016778e-01
1.874242062528492236e-01
1.874242063007055259e-01
1.874242062242749141e-01
1.874242061330917419e-01
1.874242060016331757e-01
1.874242059456660281e-01
1.874242059263298565e-01
1.874242058983333625e-01
1.874242059451232401e-01
1.874242058517748277e-01
1.874242058987605208e-01
1.874242058705543890e-01
1.874242059293654561e-01
1.874242061830940220e-01
1.874242061907147316e-01
1.874242062772760453e-01
1.874242063261115643e-01
1.874242061275919469e-01
1.874242061489326261e-01
1.874242061036697493e-01
1.874242061410598126e-01
1.874242060915924379e-01
1.874242061512778890e-01
1.874242061875966703e-01
1.874242061733061571e-01
1.874242063630583988e-01
1.874242063316474971e-01
1.874242062289164235e-01
1.874242059516508241e-01
1.874242059287137274e-01
1.874242058585323112e-01
1.874242060053178394e-01
1.874242060158409773e-01
1.874242060703367463e-01
1.874242060647824670e-01
1.874242060693275258e-01
1.874242059591285370e-01
1.874242060239124374e-01
1.874242059859352882e-01
1.874242058614348783e-01
1.874242058590802340e-01
1.874242057125525274e-01
1.874242057646176851e-01
1.874242058031040659e-01
1.874242057737488254e-01
1.874242058375117648e-01
1.874242059517151060e-01
1.874242059366679203e-01
1.874242058965916446e-01
1.874242059387460357e-01
1.874242059045344022e-01
1.874242058766192320e-01
1.874242058527186561e-01
1.874242058401998368e-01
1.874242059843793662e-01
1.874242060098732510e-01
1.874242060841762036e-01
1.874242059826183304e-01
1.874242059522491510e-01
1.874242059978943054e-01
1.874242060016895195e-01
1.874242059278862782e-01
1.874242058391508148e-01
1.874242059730996390e-01
1.874242057806809192e-01
1.874242057792976091e-01
1.874242059880799893e-01
1.874242059483619827e-01
1.874242059136550509e-01
1.874242059686671569e-01
1.874242057221552626e-01
1.874242057641112846e-01
1.874242058381851983e-01
1.874242057454968136e-01
1.874242055678025098e-01
1.874242056943338786e-01
1.874242056932803324e-01
1.874242057061295263e-01
1.874242057332180800e-01
1.874242058554884682e-01
1.874242059763249757e-01
1.874242059923081627e-01
1.874242058389001264e-01
1.874242058116458998e-01
1.874242059759873569e-01
1.874242059013986328e-01
1.874242058807386591e-01
1.874242056160152770e-01
1.874242056458533257e-01
1.874242057805518558e-01
1.874242056915165766e-01
1.874242055791051353e-01
1.874242055778745086e-01
1.874242054595625928e-01
1.874242055384083283e-01
1.874242054148352876e-01
1.874242053923107498e-01
1.874242055688010444e-01
1.874242055903024839e-01
1.874242054889791176e-01
1.874242056584712879e-01
1.874242056093005648e-01
1.874242055949974783e-01
1.874242057154015539e-01
1.874242056671808765e-01
1.874242055954054020e-01
1.874242054935374990e-01
1.874242054970317872e-01
1.874242053889636772e-01
1.874242053710145905e-01
1.874242054761731113e-01
1.874242053840282918e-01
1.874242055120760586e-01
1.874242055203609314e-01
1.874242056020326563e-01
1.874242056809302948e-01
1.874242055216168434e-01
1.874242056201211037e-01
1.874242054283130621e-01
1.874242056617866914e-01
1.874242056664845169e-01
1.874242056681858226e-01
1.874242057315235743e-01
1.874242056397458223e-01
1.874242057479423573e-01
1.874242055787747052e-01
1.874242054936392232e-01
1.874242055394731432e-01
1.874242055187284317e-01
1.874242054555910753e-01
1.874242054128223978e-01
1.874242053478447634e-01
1.874242055210961211e-01
1.874242055562326537e-01
1.874242056532900436e-01
1.874242056709246318e-01
1.874242055973742160e-01
1.874242057195680267e-01
1.874242057497456093e-01
1.874242056362239173e-01
1.874242057099094749e-01
1.874242057441333764e-01
1.874242057469650280e-01
1.874242056648235955e-01
1.874242057452464305e-01
1.874242056591450822e-01
1.874242058458024662e-01
1.874242058069071348e-01
1.874242055576064436e-01
1.874242053857507750e-01
1.874242053442301825e-01
1.874242053926521989e-01
1.874242052707897899e-01
1.874242053138975850e-01
1.874242051758157057e-01
1.874242051513997642e-01
1.874242052736827535e-01
1.874242052349660848e-01
1.874242053465196567e-01
1.874242052569919936e-01
1.874242052290260585e-01
1.874242050814830529e-01
1.874242051044112956e-01
1.874242050277906690e-01
1.874242051717411872e-01
1.874242053418482545e-01
1.874242053973909361e-01
1.874242053989407242e-01
1.874242052651003687e-01
1.874242053936643893e-01
1.874242054305510496e-01
1.874242053761847882e-01
1.874242053820906195e-01
1.874242054266633262e-01
1.874242054133887225e-01
1.874242054788827772e-01
1.874242054222886311e-01
1.874242053955409715e-01
1.874242053602144797e-01
1.874242051918513785e-01
1.874242051793837960e-01
1.874242049644135877e-01
1.874242047940139211e-01
1.874242049645536701e-01
1.874242049596250570e-01
1.874242051586039737e-01
1.874242050665241854e-01
1.874242050128873405e-01
1.874242050037659424e-01
1.874242049685872769e-01
1.874242050704330864e-01
1.874242051962069500e-01
1.874242051409746868e-01
1.874242050199412535e-01
1.874242050132011450e-01
1.874242048206807010e-01
1.874242047092992969e-01
1.874242047595392202e-01
1.874242050098936241e-01
1.874242050811406324e-01
1.874242051109992757e-01
1.874242050673983195e-01
1.874242050654754965e-01
1.874242051716629165e-01
1.874242053036927202e-01
1.874242052840961459e-01
1.874242051340434811e-01
1.874242051504976248e-01
1.874242052317042495e-01
1.874242051632862283e-01
1.874242052196707919e-01
1.874242053496451843e-01
1.874242053034739786e-01
1.874242053395811791e-01
1.874242054086540654e-01
1.874242055070697577e-01
1.874242053401910524e-01
1.874242053402709607e-01
1.874242054982595551e-01
1.874242055928710959e-01
1.874242054413157443e-01
1.874242053005516495e-01
1.874242054776622257e-01
1.874242052901778643e-01
1.874242052161328720e-01
1.874242052496775668e-01
1.874242053102433136e-01
1.874242051767374961e-01
1.874242051536509079e-01
1.874242050217926059e-01
1.874242050176590513e-01
1.874242049792769205e-01
1.874242047905405328e-01
1.874242048903519142e-01
1.874242047955920476e-01
1.874242046976853093e-01
1.874242046572779097e-01
1.874242046305437670e-01
1.874242044978576271e-01
1.874242045860621819e-01
1.874242044437834653e-01
1.874242043168835581e-01
1.874242043868923069e-01
1.874242043863029172e-01
1.874242044746552704e-01
1.874242044198749235e-01
1.874242044906335725e-01
1.874242045131948864e-01
1.874242045515135680e-01
1.874242044409620278e-01
1.874242044342437075e-01
1.874242048003781358e-01
1.874242048797248594e-01
1.874242047945626211e-01
1.874242049274389421e-01
1.874242051346339255e-01
1.874242052060695052e-01
1.874242052202330366e-01
1.874242052606922004e-01
1.874242052089610810e-01
1.874242050550062322e-01
1.874242053511258332e-01
1.874242053486254445e-01
1.874242055047943833e-01
1.874242052039900852e-01
1.874242052664578106e-01
1.874242052587265228e-01
1.874242051504317053e-01
