1.040402193069458008e+02
9.485383820533752441e+01
8.536596274375915527e+01
7.941223168373107910e+01
7.631670880317687988e+01
7.378121733665466309e+01
7.219115328788757324e+01
7.065167188644409180e+01
6.944412708282470703e+01
6.857330703735351562e+01
6.757981669902801514e+01
6.687679314613342285e+01
6.650172972679138184e+01
6.555309629440307617e+01
6.514754724502563477e+01
6.442231070995330811e+01
6.403605461120605469e+01
6.369187092781066895e+01
6.344520831108093262e+01
6.300300383567810059e+01
6.284640407562255859e+01
6.258271479606628418e+01
6.240371394157409668e+01
6.228897142410278320e+01
6.187377095222473145e+01
6.158868098258972168e+01
6.161869359016418457e+01
6.124608516693115234e+01
6.091600513458251953e+01
6.117404770851135254e+01
6.186238288879394531e+01
6.159401392936706543e+01
6.169877982139587402e+01
6.219365191459655762e+01
6.157701468467712402e+01
6.157548594474792480e+01
6.191183161735534668e+01
6.119296550750732422e+01
6.095819950103759766e+01
6.122255468368530273e+01
5.957602930068969727e+01
5.832857656478881836e+01
5.806478357315063477e+01
5.805094003677368164e+01
5.775050091743469238e+01
5.771202421188354492e+01
5.751966702938079834e+01
5.770038700103759766e+01
5.747486042976379395e+01
5.736647248268127441e+01
5.735310482978820801e+01
5.728505837917327881e+01
5.737551426887512207e+01
5.724472737312316895e+01
5.721554946899414062e+01
5.737044811248779297e+01
5.705037617683410645e+01
5.698512268066406250e+01
5.703260803222656250e+01
5.689908146858215332e+01
5.681533002853393555e+01
5.675111460685729980e+01
5.666646790504455566e+01
5.681821799278259277e+01
5.666463696956634521e+01
5.668237602710723877e+01
5.657941198348999023e+01
5.648814678192138672e+01
5.642194962501525879e+01
5.643840122222900391e+01
5.630000054836273193e+01
5.638186812400817871e+01
5.623656344413757324e+01
5.643074584007263184e+01
5.617120194435119629e+01
5.613617134094238281e+01
5.609977102279663086e+01
5.598451757431030273e+01
5.595100831985473633e+01
5.592691326141357422e+01
5.584750449657440186e+01
5.591912412643432617e+01
5.592223489284515381e+01
5.584018349647521973e+01
5.569236254692077637e+01
5.564343357086181641e+01
5.576122045516967773e+01
5.568309342861175537e+01
5.564372205734252930e+01
5.603432643413543701e+01
5.564501523971557617e+01
5.568786263465881348e+01
5.555945265293121338e+01
5.545567083358764648e+01
5.554188847541809082e+01
5.542534160614013672e+01
5.546340036392211914e+01
5.546628355979919434e+01
5.556793558597564697e+01
5.588798189163208008e+01
5.610845446586608887e+01
5.553530454635620117e+01
5.556990981101989746e+01
5.536231958866119385e+01
5.539338576793670654e+01
5.549591898918151855e+01
5.541895627975463867e+01
5.520844817161560059e+01
5.543628478050231934e+01
5.524757933616638184e+01
5.522291946411132812e+01
5.534623563289642334e+01
5.530139470100402832e+01
5.497227704524993896e+01
5.494129443168640137e+01
5.478978681564331055e+01
5.469738173484802246e+01
5.456406116485595703e+01
5.456721234321594238e+01
5.464133691787719727e+01
5.452141845226287842e+01
5.459083116054534912e+01
5.470464682579040527e+01
5.453297448158264160e+01
5.448378372192382812e+01
5.451952600479125977e+01
5.442207884788513184e+01
5.448789620399475098e+01
5.458012819290161133e+01
5.462812972068786621e+01
5.488246357440948486e+01
5.511506891250610352e+01
5.452209281921386719e+01
5.438038802146911621e+01
5.429840564727783203e+01
5.429920601844787598e+01
5.424448776245117188e+01
5.422567927837371826e+01
5.434368586540222168e+01
5.413791048526763916e+01
5.421025967597961426e+01
5.433454108238220215e+01
5.424696516990661621e+01
5.407520854473114014e+01
5.402211308479309082e+01
5.411397576332092285e+01
5.443853664398193359e+01
5.416476678848266602e+01
5.413277125358581543e+01
5.400915539264678955e+01
5.391855561733245850e+01
5.391072368621826172e+01
5.386398983001708984e+01
5.403774881362915039e+01
5.380902767181396484e+01
5.384598493576049805e+01
5.400029635429382324e+01
5.430295777320861816e+01
5.408121979236602783e+01
5.401102328300476074e+01
5.382670331001281738e+01
5.382371628284454346e+01
5.390341949462890625e+01
5.377444076538085938e+01
5.366438198089599609e+01
5.371650123596191406e+01
5.386786222457885742e+01
5.375324189662933350e+01
5.369724917411804199e+01
5.380017662048339844e+01
5.367461609840393066e+01
5.367625343799591064e+01
5.378232872486114502e+01
5.375840520858764648e+01
5.369488453865051270e+01
5.371280670166015625e+01
5.352157592773437500e+01
5.321929478645324707e+01
5.321376633644104004e+01
5.319349765777587891e+01
5.313187819719314575e+01
5.322426939010620117e+01
5.305088448524475098e+01
5.300134110450744629e+01
5.297468733787536621e+01
5.302061104774475098e+01
5.299956941604614258e+01
5.322813022136688232e+01
5.324582380056381226e+01
5.318385362625122070e+01
5.311235034465789795e+01
5.302941799163818359e+01
5.308866834640502930e+01
5.292886424064636230e+01
5.293519353866577148e+01
5.304376637935638428e+01
5.293862795829772949e+01
5.292024922370910645e+01
5.293738961219787598e+01
5.289670586585998535e+01
5.292256093025207520e+01
5.287092232704162598e+01
5.280961298942565918e+01
5.289504003524780273e+01
5.290979719161987305e+01
5.288357520103454590e+01
5.283068156242370605e+01
5.280926609039306641e+01
5.286892342567443848e+01
5.289047789573669434e+01
5.290829777717590332e+01
5.287110972404479980e+01
5.280098485946655273e+01
5.278054809570312500e+01
5.277143573760986328e+01
5.275140011310577393e+01
5.295998930931091309e+01
5.289758706092834473e+01
5.294310641288757324e+01
5.294267654418945312e+01
5.275017142295837402e+01
5.269434905052185059e+01
5.270511507987976074e+01
5.274499452114105225e+01
5.286844146251678467e+01
5.273624992370605469e+01
5.265950798988342285e+01
5.266809654235839844e+01
5.267197215557098389e+01
5.271965861320495605e+01
5.270539474487304688e+01
5.266924834251403809e+01
5.261637127399444580e+01
5.257913887500762939e+01
5.261406648159027100e+01
5.254976797103881836e+01
5.253005433082580566e+01
5.253257989883422852e+01
5.254517531394958496e+01
5.253756666183471680e+01
5.257045269012451172e+01
5.258523023128509521e+01
5.258827495574951172e+01
5.254185438156127930e+01
5.251169681549072266e+01
5.247704339027404785e+01
5.244540834426879883e+01
5.251630473136901855e+01
5.246010422706604004e+01
5.242754054069519043e+01
5.241178643703460693e+01
5.239976310729980469e+01
5.242634069919586182e+01
5.245231091976165771e+01
5.249970936775207520e+01
5.265337705612182617e+01
5.254436087608337402e+01
5.251856505870819092e+01
5.243955492973327637e+01
5.240668392181396484e+01
5.238253402709960938e+01
5.234105253219604492e+01
5.235897994041442871e+01
5.240263652801513672e+01
5.246686196327209473e+01
5.233883857727050781e+01
5.237275266647338867e+01
5.234127330780029297e+01
5.235338401794433594e+01
5.242742919921875000e+01
5.234403491020202637e+01
5.241389894485473633e+01
5.230107522010803223e+01
5.232383251190185547e+01
5.234509420394897461e+01
5.237801098823547363e+01
5.237342834472656250e+01
5.250212717056274414e+01
5.238756108283996582e+01
5.233107066154479980e+01
5.236992549896240234e+01
5.236686110496520996e+01
5.241485691070556641e+01
5.234122991561889648e+01
5.226415920257568359e+01
5.219639587402343750e+01
5.217551279067993164e+01
5.213878202438354492e+01
5.215772700309753418e+01
5.217513847351074219e+01
5.217711412906646729e+01
5.234158086776733398e+01
5.215719032287597656e+01
5.214069414138793945e+01
5.214695620536804199e+01
5.213393568992614746e+01
5.214805054664611816e+01
5.212646293640136719e+01
5.210750675201416016e+01
5.210221529006958008e+01
5.209102940559387207e+01
5.209724628925323486e+01
5.208045363426208496e+01
5.207085287570953369e+01
5.214445686340332031e+01
5.207736587524414062e+01
5.211216783523559570e+01
5.211835741996765137e+01
5.208394300937652588e+01
5.209081065654754639e+01
5.205867159366607666e+01
5.207216143608093262e+01
5.204744529724121094e+01
5.205103421211242676e+01
5.206005847454071045e+01
5.204960322380065918e+01
5.205137538909912109e+01
5.204658532142639160e+01
5.203101933002471924e+01
5.202975797653198242e+01
5.202719211578369141e+01
5.201046371459960938e+01
5.200680017471313477e+01
5.201936519145965576e+01
5.207950329780578613e+01
5.212963783740997314e+01
5.211269736289978027e+01
5.218950533866882324e+01
5.209808492660522461e+01
5.204237079620361328e+01
5.201767706871032715e+01
5.206230974197387695e+01
5.203330993652343750e+01
5.199432623386383057e+01
5.196686100959777832e+01
5.197022414207458496e+01
5.197717142105102539e+01
5.196350312232971191e+01
5.196006047725677490e+01
5.195789086818695068e+01
5.195620894432067871e+01
5.196681499481201172e+01
5.196651697158813477e+01
5.194915652275085449e+01
5.195559811592102051e+01
5.196050930023193359e+01
5.193883967399597168e+01
5.195695829391479492e+01
5.196083211898803711e+01
5.194848525524139404e+01
5.193519234657287598e+01
5.194047963619232178e+01
5.198467290401458740e+01
5.200550246238708496e+01
5.196408498287200928e+01
5.196101737022399902e+01
5.194968247413635254e+01
5.192989230155944824e+01
5.192825198173522949e+01
5.192635631561279297e+01
5.193091893196105957e+01
5.191985380649566650e+01
5.192520642280578613e+01
5.191725993156433105e+01
5.192371356487274170e+01
5.191911315917968750e+01
5.190467596054077148e+01
5.190526461601257324e+01
5.191606986522674561e+01
5.189595627784729004e+01
5.191161060333251953e+01
5.191674613952636719e+01
5.193161892890930176e+01
5.189834833145141602e+01
5.190214943885803223e+01
5.189343392848968506e+01
5.189633202552795410e+01
5.188991808891296387e+01
5.188700270652770996e+01
5.190723419189453125e+01
5.190948319435119629e+01
5.191509199142456055e+01
5.189093494415283203e+01
5.190523934364318848e+01
5.188676452636718750e+01
5.187876296043395996e+01
5.189328372478485107e+01
5.192284917831420898e+01
5.188938343524932861e+01
5.187656509876251221e+01
5.187090301513671875e+01
5.187019789218902588e+01
5.187118315696716309e+01
5.185676240921020508e+01
5.186962723731994629e+01
5.186952602863311768e+01
5.185410976409912109e+01
5.184881806373596191e+01
5.185524165630340576e+01
5.185626101493835449e+01
5.183752655982971191e+01
5.183652031421661377e+01
5.186210942268371582e+01
5.186319851875305176e+01
5.185903692245483398e+01
5.184335207939147949e+01
5.183774304389953613e+01
5.183597612380981445e+01
5.187048244476318359e+01
5.185755836963653564e+01
5.184430098533630371e+01
5.184807848930358887e+01
5.181996023654937744e+01
5.182016801834106445e+01
5.181453776359558105e+01
5.181467378139495850e+01
5.180923795700073242e+01
5.181660068035125732e+01
5.181847822666168213e+01
5.181412076950073242e+01
5.180442345142364502e+01
5.181356012821197510e+01
5.181816387176513672e+01
5.180704665184020996e+01
5.180537414550781250e+01
5.180752158164978027e+01
5.180669903755187988e+01
5.180305075645446777e+01
5.180382275581359863e+01
5.181587803363800049e+01
5.181711578369140625e+01
5.180782663822174072e+01
5.180219864845275879e+01
5.179308414459228516e+01
5.180691158771514893e+01
5.178850448131561279e+01
5.179477381706237793e+01
5.178877735137939453e+01
5.179648756980895996e+01
5.179021000862121582e+01
5.178654766082763672e+01
5.178368234634399414e+01
5.178747105598449707e+01
5.179743623733520508e+01
5.178312730789184570e+01
5.178554522991180420e+01
5.177977037429809570e+01
5.178242659568786621e+01
5.177756726741790771e+01
5.179357862472534180e+01
5.176733767986297607e+01
5.178161191940307617e+01
5.177713751792907715e+01
5.177053833007812500e+01
5.177323710918426514e+01
5.177351665496826172e+01
5.177334356307983398e+01
5.177733755111694336e+01
5.177098107337951660e+01
5.177356410026550293e+01
5.176600754261016846e+01
5.176591289043426514e+01
5.178015589714050293e+01
5.175614643096923828e+01
5.176290142536163330e+01
5.176032495498657227e+01
5.175855255126953125e+01
5.175847029685974121e+01
5.175836038589477539e+01
5.175877821445465088e+01
5.175554645061492920e+01
5.175497317314147949e+01
5.178469991683959961e+01
5.175130963325500488e+01
5.175669956207275391e+01
5.175525975227355957e+01
5.175127017498016357e+01
5.175407409667968750e+01
5.175074768066406250e+01
5.175163280963897705e+01
5.175174355506896973e+01
5.174962139129638672e+01
5.175074338912963867e+01
5.175079107284545898e+01
5.174993228912353516e+01
5.175114035606384277e+01
5.175109648704528809e+01
5.175029408931732178e+01
5.175049936771392822e+01
5.174865794181823730e+01
5.174761188030242920e+01
5.174728846549987793e+01
5.174685657024383545e+01
5.174708294868469238e+01
5.174646639823913574e+01
5.174678337574005127e+01
5.174626231193542480e+01
5.174574255943298340e+01
5.174585723876953125e+01
5.174661827087402344e+01
5.174645566940307617e+01
5.174531304836273193e+01
5.174548947811126709e+01
5.174520075321197510e+01
5.174512052536010742e+01
5.174500679969787598e+01
5.174521899223327637e+01
5.174478995800018311e+01
5.174481868743896484e+01
5.174470233917236328e+01
5.174495673179626465e+01
5.174473237991333008e+01
5.174435448646545410e+01
5.174432003498077393e+01
5.174413001537322998e+01
5.174418330192565918e+01
5.174461328983306885e+01
5.174416863918304443e+01
5.174410295486450195e+01
5.174409961700439453e+01
5.174405384063720703e+01
5.174397194385528564e+01
5.174398803710937500e+01
5.174396324157714844e+01
5.174377799034118652e+01
5.174368810653686523e+01
5.174391031265258789e+01
5.174368071556091309e+01
5.174373853206634521e+01
5.174358344078063965e+01
5.174362063407897949e+01
5.174376773834228516e+01
5.174388396739959717e+01
5.174371528625488281e+01
5.174361109733581543e+01
5.174348735809326172e+01
5.174346470832824707e+01
5.174346971511840820e+01
5.174345636367797852e+01
5.174343490600585938e+01
5.174353671073913574e+01
5.174360942840576172e+01
5.174349451065063477e+01
5.174347472190856934e+01
5.174349868297576904e+01
5.174339306354522705e+01
5.174342298507690430e+01
5.174337780475616455e+01
5.174336028099060059e+01
5.174336361885070801e+01
5.174335575103759766e+01
5.174335145950317383e+01
5.174334526062011719e+01
5.174335527420043945e+01
5.174333846569061279e+01
5.174336457252502441e+01
5.174334371089935303e+01
5.174332642555236816e+01
5.174332475662231445e+01
5.174332165718078613e+01
5.174332022666931152e+01
5.174333000183105469e+01
5.174331974983215332e+01
5.174331545829772949e+01
5.174332344532012939e+01
5.174332141876220703e+01
5.174332666397094727e+01
5.174332046508789062e+01
5.174332165718078613e+01
5.174332523345947266e+01
5.174330830574035645e+01
5.174332153797149658e+01
5.174330401420593262e+01
5.174331498146057129e+01
5.174330711364746094e+01
5.174330306053161621e+01
5.174331569671630859e+01
5.174330639839172363e+01
5.174331688880920410e+01
5.174330747127532959e+01
5.174329876899719238e+01
5.174330282211303711e+01
5.174330413341522217e+01
5.174330019950866699e+01
5.174330401420593262e+01
5.174330425262451172e+01
5.174330019950866699e+01
5.174331212043762207e+01
5.174330532550811768e+01
5.174330925941467285e+01
5.174329853057861328e+01
5.174329888820648193e+01
5.174329853057861328e+01
5.174330163002014160e+01
5.174329423904418945e+01
5.174330019950866699e+01
5.174329853057861328e+01
5.174330091476440430e+01
5.174329853057861328e+01
5.174329805374145508e+01
5.174329710006713867e+01
5.174329781532287598e+01
5.174329888820648193e+01
5.174330019950866699e+01
5.174330067634582520e+01
5.174329662322998047e+01
5.174330163002014160e+01
5.174330043792724609e+01
5.174329710006713867e+01
5.174329924583435059e+01
5.174329459667205811e+01
5.174329924583435059e+01
5.174330222606658936e+01
5.174330186843872070e+01
5.174330043792724609e+01
5.174330091476440430e+01
5.174329376220703125e+01
5.174330234527587891e+01
5.174329829216003418e+01
5.174329829216003418e+01
5.174330317974090576e+01
5.174329423904418945e+01
5.174330198764801025e+01
5.174330639839172363e+01
5.174330246448516846e+01
5.174329948425292969e+01
5.174329996109008789e+01
5.174330401420593262e+01
5.174330091476440430e+01
5.174329817295074463e+01
5.174330210685729980e+01
5.174329698085784912e+01
5.174330306053161621e+01
5.174329876899719238e+01
5.174330329895019531e+01
5.174330103397369385e+01
5.174329972267150879e+01
5.174329853057861328e+01
5.174330139160156250e+01
5.174330043792724609e+01
5.174329495429992676e+01
5.174330055713653564e+01
5.174330353736877441e+01
5.174329900741577148e+01
5.174330067634582520e+01
5.174330246448516846e+01
5.174330568313598633e+01
5.174330449104309082e+01
5.174330139160156250e+01
5.174329972267150879e+01
5.174329638481140137e+01
5.174329996109008789e+01
5.174330031871795654e+01
5.174329900741577148e+01
5.174330520629882812e+01
5.174329900741577148e+01
5.174330043792724609e+01
5.174329888820648193e+01
5.174329817295074463e+01
5.174329733848571777e+01
5.174330258369445801e+01
5.174330186843872070e+01
5.174330115318298340e+01
5.174330043792724609e+01
5.174330210685729980e+01
5.174329674243927002e+01
5.174330067634582520e+01
5.174329996109008789e+01
5.174329793453216553e+01
5.174329710006713867e+01
5.174329853057861328e+01
5.174330043792724609e+01
5.174329924583435059e+01
5.174329602718353271e+01
5.174329960346221924e+01
5.174330258369445801e+01
5.174330067634582520e+01
5.174330103397369385e+01
5.174330163002014160e+01
5.174329781532287598e+01
5.174329781532287598e+01
5.174330139160156250e+01
5.174330377578735352e+01
5.174330246448516846e+01
5.174329543113708496e+01
5.174329745769500732e+01
5.174329578876495361e+01
5.174329781532287598e+01
5.174329757690429688e+01
5.174330174922943115e+01
5.174330139160156250e+01
5.174329829216003418e+01
5.174329984188079834e+01
5.174330019950866699e+01
5.174329459667205811e+01
5.174329996109008789e+01
5.174329948425292969e+01
5.174330163002014160e+01
5.174330055713653564e+01
5.174330067634582520e+01
5.174330151081085205e+01
5.174329757690429688e+01
5.174329710006713867e+01
5.174329876899719238e+01
5.174329757690429688e+01
5.174330067634582520e+01
5.174329876899719238e+01
5.174329662322998047e+01
5.174329721927642822e+01
5.174330174922943115e+01
5.174330401420593262e+01
5.174329662322998047e+01
5.174329996109008789e+01
5.174329924583435059e+01
5.174330186843872070e+01
5.174330091476440430e+01
5.174329757690429688e+01
5.174330234527587891e+01
5.174329876899719238e+01
5.174329912662506104e+01
5.174329733848571777e+01
5.174329781532287598e+01
5.174330019950866699e+01
5.174329900741577148e+01
5.174329847097396851e+01
5.174329519271850586e+01
5.174329662322998047e+01
5.174330306053161621e+01
5.174329578876495361e+01
5.174329948425292969e+01
5.174329805374145508e+01
5.174329853057861328e+01
5.174330055713653564e+01
5.174330186843872070e+01
5.174329483509063721e+01
5.174329841136932373e+01
5.174330115318298340e+01
5.174329876899719238e+01
5.174330186843872070e+01
5.174329698085784912e+01
5.174330091476440430e+01
5.174329924583435059e+01
5.174329149723052979e+01
5.174330306053161621e+01
5.174329781532287598e+01
5.174330484867095947e+01
5.174330067634582520e+01
5.174330019950866699e+01
5.174329829216003418e+01
5.174330306053161621e+01
5.174329888820648193e+01
5.174329948425292969e+01
5.174329471588134766e+01
5.174329662322998047e+01
5.174329817295074463e+01
5.174329972267150879e+01
5.174329960346221924e+01
5.174330043792724609e+01
5.174330103397369385e+01
5.174330174922943115e+01
5.174329257011413574e+01
5.174330353736877441e+01
5.174329996109008789e+01
5.174329710006713867e+01
5.174330377578735352e+01
5.174329805374145508e+01
5.174329829216003418e+01
5.174329626560211182e+01
5.174330556392669678e+01
5.174329912662506104e+01
5.174329471588134766e+01
5.174329757690429688e+01
5.174329805374145508e+01
5.174329781532287598e+01
5.174329996109008789e+01
5.174329864978790283e+01
5.174329590797424316e+01
5.174329876899719238e+01
5.174330329895019531e+01
5.174329328536987305e+01
5.174330401420593262e+01
5.174329853057861328e+01
5.174329924583435059e+01
5.174329710006713867e+01
5.174330282211303711e+01
5.174329447746276855e+01
5.174330401420593262e+01
5.174329435825347900e+01
5.174330091476440430e+01
5.174330115318298340e+01
5.174329638481140137e+01
5.174330115318298340e+01
5.174330520629882812e+01
5.174329733848571777e+01
5.174329948425292969e+01
5.174330139160156250e+01
5.174329662322998047e+01
5.174329924583435059e+01
5.174329972267150879e+01
5.174329817295074463e+01
5.174329757690429688e+01
5.174329519271850586e+01
5.174329996109008789e+01
5.174330031871795654e+01
5.174329471588134766e+01
5.174329686164855957e+01
5.174330031871795654e+01
5.174329864978790283e+01
5.174330210685729980e+01
5.174330365657806396e+01
5.174329710006713867e+01
5.174330163002014160e+01
5.174330282211303711e+01
5.174329948425292969e+01
5.174329829216003418e+01
5.174329710006713867e+01
5.174329626560211182e+01
5.174330258369445801e+01
5.174329781532287598e+01
5.174329614639282227e+01
5.174329638481140137e+01
5.174329721927642822e+01
5.174330067634582520e+01
5.174329996109008789e+01
5.174329924583435059e+01
5.174330139160156250e+01
5.174330306053161621e+01
5.174330210685729980e+01
5.174329328536987305e+01
5.174330210685729980e+01
5.174330520629882812e+01
5.174329662322998047e+01
5.174330234527587891e+01
5.174330091476440430e+01
5.174330139160156250e+01
5.174330091476440430e+01
5.174329495429992676e+01
5.174329543113708496e+01
5.174329924583435059e+01
5.174329841136932373e+01
5.174329769611358643e+01
5.174330210685729980e+01
5.174329745769500732e+01
5.174329686164855957e+01
5.174329972267150879e+01
5.174330115318298340e+01
5.174329757690429688e+01
5.174329209327697754e+01
5.174330067634582520e+01
5.174329566955566406e+01
5.174330115318298340e+01
5.174330246448516846e+01
5.174330019950866699e+01
5.174330043792724609e+01
5.174329745769500732e+01
5.174330258369445801e+01
5.174330222606658936e+01
5.174329805374145508e+01
5.174330198764801025e+01
5.174329733848571777e+01
5.174329757690429688e+01
5.174330043792724609e+01
5.174330127239227295e+01
5.174329721927642822e+01
5.174329411983489990e+01
5.174330329895019531e+01
5.174329900741577148e+01
5.174330282211303711e+01
5.174330174922943115e+01
5.174329710006713867e+01
5.174330401420593262e+01
5.174329924583435059e+01
5.174329948425292969e+01
5.174329876899719238e+01
5.174330312013626099e+01
5.174329960346221924e+01
5.174329876899719238e+01
5.174329912662506104e+01
5.174330770969390869e+01
5.174329900741577148e+01
5.174330258369445801e+01
5.174329710006713867e+01
5.174329996109008789e+01
5.174330055713653564e+01
5.174330043792724609e+01
5.174330115318298340e+01
5.174329519271850586e+01
5.174329996109008789e+01
5.174329757690429688e+01
5.174329733848571777e+01
5.174329876899719238e+01
5.174330008029937744e+01
5.174329996109008789e+01
5.174329793453216553e+01
5.174330484867095947e+01
5.174329471588134766e+01
5.174329829216003418e+01
5.174330019950866699e+01
5.174330282211303711e+01
5.174329972267150879e+01
5.174329352378845215e+01
5.174329972267150879e+01
5.174329972267150879e+01
5.174329972267150879e+01
5.174329686164855957e+01
5.174330163002014160e+01
5.174329876899719238e+01
5.174329721927642822e+01
5.174329733848571777e+01
5.174329924583435059e+01
5.174329769611358643e+01
5.174329614639282227e+01
5.174329555034637451e+01
5.174329638481140137e+01
5.174330008029937744e+01
5.174329686164855957e+01
5.174329948425292969e+01
5.174329936504364014e+01
5.174329924583435059e+01
5.174329674243927002e+01
5.174329590797424316e+01
5.174329948425292969e+01
5.174329626560211182e+01
5.174329638481140137e+01
5.174330186843872070e+01
5.174329197406768799e+01
5.174329698085784912e+01
5.174330568313598633e+01
5.174329829216003418e+01
5.174329686164855957e+01
5.174329543113708496e+01
5.174329471588134766e+01
5.174329972267150879e+01
5.174329829216003418e+01
5.174330067634582520e+01
5.174330115318298340e+01
5.174329674243927002e+01
5.174330258369445801e+01
5.174330258369445801e+01
5.174329876899719238e+01
5.174330139160156250e+01
5.174330079555511475e+01
5.174330389499664307e+01
5.174330282211303711e+01
5.174329972267150879e+01
5.174330091476440430e+01
5.174330043792724609e+01
5.174329614639282227e+01
5.174329626560211182e+01
5.174329984188079834e+01
5.174329876899719238e+01
5.174329900741577148e+01
5.174329924583435059e+01
5.174330139160156250e+01
5.174329566955566406e+01
5.174329757690429688e+01
5.174329829216003418e+01
5.174329924583435059e+01
5.174329900741577148e+01
5.174329733848571777e+01
5.174329841136932373e+01
5.174330115318298340e+01
5.174330449104309082e+01
5.174330353736877441e+01
5.174329900741577148e+01
5.174330043792724609e+01
5.174329888820648193e+01
5.174329948425292969e+01
5.174329984188079834e+01
5.174330008029937744e+01
5.174329984188079834e+01
5.174329733848571777e+01
5.174330043792724609e+01
5.174330294132232666e+01
5.174330198764801025e+01
5.174329590797424316e+01
5.174329686164855957e+01
5.174330282211303711e+01
5.174330115318298340e+01
5.174329924583435059e+01
5.174329543113708496e+01
5.174330091476440430e+01
5.174329638481140137e+01
5.174330091476440430e+01
5.174329614639282227e+01
5.174329733848571777e+01
5.174330270290374756e+01
5.174329662322998047e+01
5.174329626560211182e+01
5.174329674243927002e+01
5.174330127239227295e+01
5.174329543113708496e+01
5.174330222606658936e+01
5.174330008029937744e+01
5.174329996109008789e+01
5.174330019950866699e+01
5.174329710006713867e+01
5.174330019950866699e+01
5.174329566955566406e+01
5.174329924583435059e+01
