# mstar_bin	bin_left	bin_right	galaxy_id	logMstar[Msun]	logMgas[Msun]	SFR[Msun/yr]	SFR_compact[Msun/yr]	Zgas[mass_fraction]	Rstar[kpc]	Rgas[kpc]	logMdust[Msun]	Sigma_SFR[Msun/yr/kpc^2]	sSFR[1/yr]	Av_med
0	9.004663	9.1099952	704621	9.088201	9.933118	0.100637	0.033882	0.010131	4.320058	26.383543	6.833127	0.001716	0.011073	0.171155
0	9.004663	9.1099952	720559	9.07772	9.70773	0.125891	0.104938	0.006354	3.755606	25.916674	6.538071	0.002841	0.013868	0.07708899999999999
0	9.004663	9.1099952	721405	9.071683	9.714971	0.081966	0.050913	0.012083	2.578249	41.934155	6.5036	0.003925	0.009035	0.0795
0	9.004663	9.1099952	727460	9.099687	9.711849	0.075679	0.020649	0.018888	2.195577	34.554749	6.671645	0.004997	0.008317	0.13940650000000002
0	9.004663	9.1099952	252705	9.080075	9.781399	0.16687	0.085777	0.011894	2.981508	21.54155	6.73117	0.005975	0.018378	0.130731
0	9.004663	9.1099952	696147	9.040757	9.950006	0.326493	0.116333	0.009314	3.823962	24.500277	6.835021	0.007107	0.036113	0.10635800000000001
0	9.004663	9.1099952	684683	9.008236	10.099025	0.171299	0.071866	0.010808	2.58409	31.760902	6.617778	0.008166	0.019016	0.126601
0	9.004663	9.1099952	693264	9.010471	10.040236	0.242963	0.087608	0.010714	2.77985	41.346195	6.685117	0.010008	0.026964	0.06580649999999999
0	9.004663	9.1099952	69113	9.056178	9.104597	0.057179	0.023529	0.013508	1.286629	8.491821	6.302078	0.010995	0.006314	0.125153
0	9.004663	9.1099952	659705	9.081554	10.025248	0.451957	0.23369	0.00953	3.399648	22.577528	6.814523	0.012447	0.049767	0.147078
0	9.004663	9.1099952	288375	9.104932	9.518773	0.275528	0.046906	0.012739	2.35831	9.860957	7.043857	0.015769	0.030261	0.0623035
0	9.004663	9.1099952	609672	9.025398	9.566673	0.191515	0.11711	0.010367	1.883124	18.317764	6.433407	0.017191	0.02122	0.156323
0	9.004663	9.1099952	735134	9.082378	9.647263	0.141526	0.119114	0.019214	1.439653	35.606098	6.487375	0.021736	0.015582	0.327463
0	9.004663	9.1099952	100774	9.071707	9.659715	0.116023	0.040348	0.014739	1.130853	40.302673	6.258872	0.028879	0.01279	0.141895
0	9.004663	9.1099952	567144	9.107295	9.659188	0.199316	0.079141	0.018506	1.325026	13.759643	6.669573	0.036136	0.021885	0.1482035
1	9.1099952	9.204086199999999	698390	9.163968	9.894855	0.078168	0.04891	0.007964	4.08253	38.560234	6.613934	0.001493	0.00853	0.073998
1	9.1099952	9.204086199999999	353756	9.131399	9.852094	0.203441	0.09242	0.007015	4.975334	19.239079	7.175645	0.002616	0.022279	0.062061
1	9.1099952	9.204086199999999	688961	9.188511	10.049961	0.185489	0.059694	0.010254	4.135224	31.427683	6.881236	0.003453	0.020187	0.057315000000000005
1	9.1099952	9.204086199999999	504562	9.153113	9.595464	0.231589	0.067595	0.008282	4.231992	11.709696	6.988128	0.004116	0.025302	0.044096
1	9.1099952	9.204086199999999	703665	9.152363	9.827969	0.133512	0.054094	0.015479	2.990727	24.255817	6.868784	0.004751	0.014588	0.19148
1	9.1099952	9.204086199999999	69102	9.142303	9.446801	0.194894	0.047295	0.011071	3.401665	8.581753	7.223104	0.005361	0.021318	0.2407155
1	9.1099952	9.204086199999999	712773	9.156223	9.835485	0.187216	0.066363	0.012701	2.988905	37.404781	6.683075	0.006671	0.020447	0.087736
1	9.1099952	9.204086199999999	327229	9.163044	9.800055	0.288622	0.116484	0.007957	3.541528	19.229372	6.809156	0.007325	0.031498	0.245091
1	9.1099952	9.204086199999999	665416	9.158214	10.252918	0.447814	0.238032	0.006929	4.272539	37.898411	7.010656	0.007809	0.048898	0.06788
1	9.1099952	9.204086199999999	705436	9.168571	9.933019	0.250463	0.076078	0.012757	2.965002	27.985275	6.890467	0.009069	0.027318	0.058364
1	9.1099952	9.204086199999999	704241	9.19353	9.820035	0.21166	0.083883	0.014773	2.513897	32.457375	6.743046	0.010661	0.023023	0.1815945
1	9.1099952	9.204086199999999	683762	9.149628	10.097699	0.355516	0.186829	0.011025	2.950042	40.996948	6.838844	0.013003	0.038856	0.16210249999999998
1	9.1099952	9.204086199999999	736543	9.151073	9.539845	0.059583	0.033896	0.021596	1.104012	40.436237	6.155691	0.01556	0.006511	0.25346
1	9.1099952	9.204086199999999	735541	9.134326	9.721714	0.295685	0.138216	0.019741	2.129668	14.89554	6.989115	0.020752	0.032371	0.295281
1	9.1099952	9.204086199999999	666243	9.160223	10.213196	0.381866	0.157956	0.011489	1.758445	41.465965	6.763829	0.03931	0.041687	0.113912
2	9.204086199999999	9.3184076	353757	9.249475	9.135561	0.025548	0.017063	0.018006	2.50982	8.334463	6.601555	0.001291	0.002762	0.030629499999999997
2	9.204086199999999	9.3184076	700074	9.241629	9.95072	0.138545	0.029334	0.009634	4.179216	20.518131	6.941072	0.002525	0.014991	0.066208
2	9.204086199999999	9.3184076	674730	9.262887	10.149081	0.29738	0.129459	0.009159	5.204597	33.999744	7.011706	0.003495	0.032104	0.206847
2	9.204086199999999	9.3184076	310144	9.269473	9.657731	0.183502	0.044289	0.011888	3.662366	13.75096	6.965759	0.004355	0.019796	0.1753505
2	9.204086199999999	9.3184076	571570	9.214303	9.774418	0.185953	0.160953	0.009614	3.391766	43.852867	6.409587	0.005145	0.020181	0.068217
2	9.204086199999999	9.3184076	668848	9.248755	10.103724	0.265681	0.101789	0.012087	3.742118	58.178352	6.911467	0.006039	0.028726	0.053886
2	9.204086199999999	9.3184076	282349	9.288013	9.203104	0.098721	0.04159	0.014842	2.160061	15.99093	6.638789	0.006735	0.010629	0.156986
2	9.204086199999999	9.3184076	659297	9.22476	10.263207	0.464695	0.162254	0.008541	4.23321	46.672943	6.951896	0.008254	0.050375	0.249966
2	9.204086199999999	9.3184076	511666	9.249696	9.911938	0.210472	0.097524	0.010617	2.557546	28.505793	6.707022	0.010242	0.022754	0.168907
2	9.204086199999999	9.3184076	681495	9.238304	10.079221	0.234423	0.063849	0.016696	2.451598	29.315208	6.86705	0.012415	0.025375	0.141469
2	9.204086199999999	9.3184076	427581	9.308101	9.717814	0.523501	0.230818	0.010261	3.281338	14.772441	6.887074	0.015476	0.056241	0.124228
2	9.204086199999999	9.3184076	628235	9.217168	10.347394	0.400865	0.163287	0.013331	2.508178	48.893269	6.845328	0.020283	0.043491	0.13665850000000002
2	9.204086199999999	9.3184076	662220	9.244243	10.131494	0.40459	0.122208	0.011866	2.233017	63.717941	6.690421	0.025827	0.043767	0.12515949999999998
2	9.204086199999999	9.3184076	707723	9.221052	9.950313	0.302609	0.245223	0.013664	1.708707	39.077431	6.674705	0.032991	0.032817	0.3112185
2	9.204086199999999	9.3184076	542766	9.270397	9.959752	0.554033	0.205316	0.017749	1.425733	35.037865	6.726273	0.086758	0.059764	0.335194
3	9.3184076	9.425688266666667	795066	9.410482	8.237554	0.010064	0.010064	0.046764	2.101041	3.875414	6.376628	0.000726	0.001069	0.126125
3	9.3184076	9.425688266666667	345064	9.321754	9.038751	0.088746	0.088437	0.016863	4.071972	9.14724	6.578729	0.001704	0.00952	0.173603
3	9.3184076	9.425688266666667	723592	9.357979	9.742215	0.11201	0.010401	0.010355	3.567186	14.816184	6.87524	0.002802	0.011969	0.06612
3	9.3184076	9.425688266666667	678733	9.366882	10.020658	0.185682	0.088759	0.00932	4.098568	33.214943	6.793376	0.003518	0.019823	0.1150495
3	9.3184076	9.425688266666667	645096	9.342488	10.317817	0.690298	0.241755	0.007435	6.742454	38.139183	7.116249	0.004833	0.073888	0.293236
3	9.3184076	9.425688266666667	342986	9.331313	8.884126	0.04958	0.048422	0.021053	1.606505	8.694064	6.423583	0.006115	0.005313	0.103154
3	9.3184076	9.425688266666667	451569	9.377185	8.96986	0.109833	0.10193	0.018195	2.243226	6.721901	6.923531	0.006948	0.011713	0.1721045
3	9.3184076	9.425688266666667	666093	9.381738	10.214484	0.64216	0.121998	0.009385	5.008109	42.111771	7.123175	0.00815	0.068448	0.178557
3	9.3184076	9.425688266666667	244343	9.334235	8.562039	0.040102	0.030298	0.019954	1.15938	3.570655	6.18523	0.009496	0.004296	0.1002555
3	9.3184076	9.425688266666667	688074	9.392817	9.928126	0.279816	0.061298	0.01807	2.665186	38.050171	6.931588	0.012539	0.02979	0.046002
3	9.3184076	9.425688266666667	613158	9.367076	10.457571	0.79827	0.258814	0.009186	4.04035	64.634293	7.075091	0.015565	0.085221	0.187336
3	9.3184076	9.425688266666667	695163	9.397238	9.809659	0.143891	0.125308	0.01747	1.492033	62.910469	6.311887	0.020574	0.015312	0.236893
3	9.3184076	9.425688266666667	671524	9.401863	10.013726	0.159899	0.036331	0.016052	1.289783	56.651165	6.532288	0.030596	0.017007	0.183639
3	9.3184076	9.425688266666667	416950	9.344636	7.784442	0.02614	0.004464	0.044762	0.32876	0.902614	6.495343	0.076983	0.002797	0.817003
3	9.3184076	9.425688266666667	142220	9.398677	8.193797	0.614589	0.291387	0.059679	0.16996	0.280341	6.325538	6.772394	0.065391	2.242635
4	9.425688266666667	9.556044333333334	232955	9.514397	10.078408	0.166159	0.105839	0.009092	6.608866	20.872204	7.276108	0.001211	0.017464	0.090424
4	9.425688266666667	9.556044333333334	475509	9.486818	8.320215	0.017322	0.016799	0.02127	1.381672	4.073186	6.054981	0.002888	0.001826	0.047133
4	9.425688266666667	9.556044333333334	482025	9.483638	7.816946	0.0133	0.012805	0.027183	1.027905	1.5389	6.853318	0.004007	0.001402	0.19472699999999998
4	9.425688266666667	9.556044333333334	660003	9.452541	10.202433	0.631722	0.144017	0.010135	6.498333	23.888992	7.295356	0.004762	0.066831	0.373281
4	9.425688266666667	9.556044333333334	588895	9.442635	10.685438	1.274588	0.421909	0.005855	8.186734	62.86927	7.471017	0.006053	0.134982	0.0478515
4	9.425688266666667	9.556044333333334	404235	9.436185	9.417916	0.160452	0.078793	0.018893	2.64704	12.00856	6.811751	0.007289	0.017004	0.226635
4	9.425688266666667	9.556044333333334	690492	9.466416	9.913682	0.186312	0.077334	0.016364	2.655326	17.18087	7.046534	0.008411	0.019681	0.080342
4	9.425688266666667	9.556044333333334	681622	9.47669	9.97605	0.279769	0.051868	0.01754	3.003574	38.863144	6.971785	0.009871	0.029522	0.09994249999999999
4	9.425688266666667	9.556044333333334	555351	9.4524	9.449266	0.205494	0.07858	0.017462	2.373371	9.491496	6.974215	0.011612	0.02174	0.135855
4	9.425688266666667	9.556044333333334	693490	9.502501	9.834308	0.215645	0.091983	0.013827	2.248559	27.065727	6.783337	0.013576	0.022693	0.216813
4	9.425688266666667	9.556044333333334	458030	9.496935	9.064037	0.158319	0.129642	0.022017	1.772555	6.281794	6.962922	0.016039	0.016671	0.179436
4	9.425688266666667	9.556044333333334	723454	9.442027	9.663929	0.183037	0.039847	0.026739	1.574969	20.044537	6.817781	0.023488	0.019385	0.185508
4	9.425688266666667	9.556044333333334	645320	9.432056	10.29317	0.409079	0.265504	0.01993	2.017021	51.285946	6.859665	0.032006	0.043371	0.385782
4	9.425688266666667	9.556044333333334	680905	9.549883	9.854045	0.326799	0.145712	0.025103	1.507546	53.117176	6.7042	0.045771	0.03422	0.49838499999999997
4	9.425688266666667	9.556044333333334	252714	9.453099	8.0608	0.366763	0.306519	0.067378	0.272553	0.267985	6.321487	1.571565	0.038798	1.6339595
5	9.556044333333334	9.7290294	658012	9.583529	10.18181	0.093419	0.079394	0.01086	5.464692	40.766762	7.128587	0.000996	0.009748	0.115751
5	9.556044333333334	9.7290294	651631	9.567724	10.242846	0.382841	0.184148	0.008732	6.350968	29.448244	7.21906	0.003021	0.040014	0.055534
5	9.556044333333334	9.7290294	659561	9.614437	10.031976	0.098263	0.073438	0.017774	2.825384	22.147692	7.177092	0.003918	0.01022	0.22973100000000002
5	9.556044333333334	9.7290294	624349	9.67785	10.325475	0.529161	0.258309	0.013759	5.893957	30.326508	7.394629	0.004849	0.054678	0.13608
5	9.556044333333334	9.7290294	648996	9.57729	10.373455	0.86195	0.301034	0.009739	6.744337	25.008183	7.443078	0.006032	0.089999	0.086764
5	9.556044333333334	9.7290294	555689	9.678325	10.270459	0.974646	0.288455	0.011769	6.692846	34.247528	7.401149	0.006926	0.100704	0.22464800000000001
5	9.556044333333334	9.7290294	637093	9.656806	10.322487	0.634735	0.266314	0.011682	4.875194	35.083996	7.302469	0.008501	0.065729	0.12358
5	9.556044333333334	9.7290294	664646	9.719732	10.072982	0.455483	0.108597	0.024554	3.645233	23.194492	7.29116	0.010911	0.046862	0.146334
5	9.556044333333334	9.7290294	674196	9.556886	9.977062	0.471392	0.133583	0.015473	3.393529	29.542269	7.10036	0.01303	0.049325	0.108735
5	9.556044333333334	9.7290294	330318	9.599478	9.905495	0.657324	0.220383	0.01507	3.621965	14.97974	7.361431	0.015949	0.068475	0.1552715
5	9.556044333333334	9.7290294	614564	9.705948	10.510224	0.915669	0.188131	0.013681	3.812422	49.554157	7.402504	0.020053	0.094341	0.2263005
5	9.556044333333334	9.7290294	619770	9.562862	10.500956	1.01302	0.305454	0.01196	3.252924	59.365662	7.209657	0.030473	0.105933	0.116134
5	9.556044333333334	9.7290294	595889	9.648143	10.140192	0.902236	0.406558	0.01791	2.777725	29.75724	7.218026	0.037221	0.093514	0.26762549999999996
5	9.556044333333334	9.7290294	705251	9.638715	9.84572	0.222143	0.053281	0.017248	1.07104	48.256252	6.487885	0.061641	0.023047	0.1538895
5	9.556044333333334	9.7290294	449873	9.60855	7.852972	0.230589	0.18692	0.097445	0.233982	0.233861	6.560957	1.340681	0.023998	1.9406240000000001
6	9.7290294	9.929055933333332	142187	9.767163	9.247168	0.087123	0.082257	0.022798	4.521483	7.161079	8.036697	0.001357	0.00892	0.1728135
6	9.7290294	9.929055933333332	142190	9.768702	9.083288	0.074125	0.067936	0.026653	2.783841	7.713263	6.95266	0.003045	0.007588	0.21865
6	9.7290294	9.929055933333332	602633	9.839798	10.560074	0.83702	0.180273	0.012057	7.945678	41.494541	7.647654	0.00422	0.085065	0.033972
6	9.7290294	9.929055933333332	597853	9.773745	10.221257	0.753093	0.35938	0.013757	7.019094	34.462898	7.396893	0.004866	0.077053	0.0946045
6	9.7290294	9.929055933333332	639891	9.758178	10.39292	1.290933	0.291102	0.012735	8.099152	26.506344	7.647242	0.006264	0.132292	0.252866
6	9.7290294	9.929055933333332	612134	9.860343	10.447656	1.449528	0.514591	0.013612	7.607184	34.418243	7.622048	0.007973	0.147006	0.088818
6	9.7290294	9.929055933333332	69070	9.730078	9.777449	0.611846	0.27683	0.020888	4.583752	14.350892	7.337056	0.009269	0.062882	0.126001
6	9.7290294	9.929055933333332	629601	9.923863	10.297105	0.590785	0.177955	0.01624	3.914414	41.935669	7.373635	0.012273	0.059532	0.3891845
6	9.7290294	9.929055933333332	635604	9.780519	10.333653	1.072869	0.326873	0.015419	4.780764	34.939205	7.420047	0.014942	0.109694	0.138912
6	9.7290294	9.929055933333332	652174	9.797188	10.06053	0.51166	0.111685	0.019405	2.971158	43.031013	7.067896	0.018449	0.052225	0.29335049999999996
6	9.7290294	9.929055933333332	640334	9.767833	10.171068	0.798035	0.179259	0.01912	3.430528	42.130646	7.272341	0.021585	0.0817	0.094503
6	9.7290294	9.929055933333332	650031	9.756075	10.165854	0.389538	0.081214	0.023634	2.090337	23.587902	7.171671	0.028377	0.039928	0.147134
6	9.7290294	9.929055933333332	642010	9.819422	10.21728	0.900386	0.722608	0.022413	2.676399	60.314171	7.146618	0.040011	0.091694	0.685453
6	9.7290294	9.929055933333332	607493	9.928185	10.447263	1.464433	0.218127	0.020637	2.630126	52.732456	7.379414	0.067385	0.147503	0.055589
6	9.7290294	9.929055933333332	620125	9.815999	10.401109	0.837083	0.15589	0.025927	1.423677	72.088554	7.072	0.131461	0.085277	0.166766
7	9.929055933333332	10.016942533333333	599464	10.000185	10.470128	0.680842	0.25384	0.014207	10.021464	33.2421	7.730011	0.002158	0.068083	0.169008
7	9.929055933333332	10.016942533333333	610985	9.969465	10.466935	1.072655	0.215233	0.015169	8.39932	32.708027	7.701222	0.00484	0.107594	0.091753
7	9.929055933333332	10.016942533333333	225188	10.012622	9.366323	0.158169	0.131284	0.026993	2.782601	7.707646	7.211748	0.006502	0.015797	0.0884735
7	9.929055933333332	10.016942533333333	614083	9.980164	10.327022	0.502187	0.344067	0.016778	4.424307	86.044289	7.159007	0.008166	0.050318	0.19161250000000002
7	9.929055933333332	10.016942533333333	504002	10.005462	10.725369	1.090829	0.213791	0.017272	5.852507	95.483856	7.646364	0.010137	0.109023	0.1795835
7	9.929055933333332	10.016942533333333	459976	10.010355	10.341518	1.009627	0.572652	0.016864	4.909895	16.305157	7.710031	0.013331	0.100858	0.189367
7	9.929055933333332	10.016942533333333	555526	10.001144	10.48633	0.968848	0.590068	0.017068	4.417029	98.33107	7.314179	0.015807	0.096874	0.154841
7	9.929055933333332	10.016942533333333	618399	9.999557	10.309851	1.230312	0.649505	0.020843	4.620249	49.800964	7.468309	0.018346	0.123037	0.147055
7	9.929055933333332	10.016942533333333	236171	10.00868	10.371927	0.369166	0.193339	0.03353	2.315577	29.150476	7.332842	0.021916	0.036885	0.18648
7	9.929055933333332	10.016942533333333	201396	9.999491	10.315756	1.243152	0.374173	0.019396	3.853217	43.351749	7.449057	0.026652	0.124322	0.222985
7	9.929055933333332	10.016942533333333	542485	10.003412	10.697111	1.623153	1.092664	0.016461	4.09229	65.951447	7.593402	0.030852	0.16226	0.263227
7	9.929055933333332	10.016942533333333	611534	9.983693	10.35555	1.038409	0.640884	0.018344	2.985145	71.609985	7.125218	0.037093	0.104011	0.391609
7	9.929055933333332	10.016942533333333	554132	10.011584	10.557082	1.981308	1.389529	0.013767	3.673611	93.485435	7.28054	0.046732	0.197902	0.354193
7	9.929055933333332	10.016942533333333	545872	10.016273	10.496235	1.034241	0.972498	0.022743	2.196265	94.956139	7.144468	0.06825	0.103256	0.638734
7	9.929055933333332	10.016942533333333	539225	10.011253	10.70258	2.660071	2.207758	0.016924	2.106887	97.334427	7.231551	0.190748	0.265708	0.7606040000000001
8	10.016942533333333	10.0396904	256400	10.023984	9.518258	0.139291	0.135267	0.030739	4.426929	17.269495	7.167796	0.002262	0.013896	0.289914
8	10.016942533333333	10.0396904	597397	10.029022	10.641857	1.816771	0.541051	0.014305	10.701981	32.959	7.92792	0.005049	0.181151	0.147555
8	10.016942533333333	10.0396904	539451	10.035769	10.736889	1.038601	0.183434	0.016768	6.630941	62.643314	7.719687	0.007519	0.10349	0.3165545
8	10.016942533333333	10.0396904	384427	10.039521	9.569263	0.293098	0.274569	0.019108	3.069685	9.496209	7.066974	0.009901	0.029194	0.220709
8	10.016942533333333	10.0396904	523027	10.037876	10.812262	1.830458	0.579167	0.012163	6.814492	88.717575	7.663282	0.012547	0.182355	0.2211515
8	10.016942533333333	10.0396904	89431	10.017477	10.028881	0.997862	0.333759	0.025427	4.728902	15.770187	7.574387	0.014204	0.099612	0.1810945
8	10.016942533333333	10.0396904	552249	10.017478	10.629149	1.481987	0.876649	0.013068	5.193476	61.874317	7.562645	0.01749	0.14794	0.365689
8	10.016942533333333	10.0396904	564992	10.031944	10.308441	0.791672	0.267773	0.020237	3.598597	28.99659	7.473898	0.019459	0.078915	0.121794
8	10.016942533333333	10.0396904	571273	10.033562	10.248345	0.29786	0.249094	0.027584	1.997822	50.096954	7.212526	0.023755	0.029686	0.367223
8	10.016942533333333	10.0396904	422899	10.032	10.087636	2.846656	2.081448	0.017063	5.879181	10.625873	7.853079	0.026215	0.283758	0.2496965
8	10.016942533333333	10.0396904	569973	10.037834	10.442801	0.483929	0.333924	0.021672	2.215828	90.174026	7.041112	0.031373	0.048211	0.3095595
8	10.016942533333333	10.0396904	604845	10.020071	10.098127	0.770297	0.098494	0.024838	2.495811	23.166698	7.372833	0.039363	0.076875	0.3094505
8	10.016942533333333	10.0396904	564837	10.028264	10.494403	1.200841	0.834836	0.026364	2.847516	72.310181	7.342861	0.047142	0.119746	0.5816064999999999
8	10.016942533333333	10.0396904	166841	10.029703	10.316683	2.944343	1.358255	0.01929	3.983927	14.249936	7.875987	0.059049	0.293562	0.4028615
8	10.016942533333333	10.0396904	273819	10.039551	9.633689	1.413051	1.231826	0.017703	1.910943	8.180769	7.024346	0.123172	0.140748	0.589282
9	10.0396904	10.066404666666667	160343	10.053656	9.701653	0.202071	0.202071	0.027328	6.342675	15.949881	7.406779	0.001599	0.020099	0.18358
9	10.0396904	10.066404666666667	142177	10.053317	9.369674	0.459463	0.442659	0.032725	6.21846	12.358034	7.944007	0.003782	0.045703	0.2870895
9	10.0396904	10.066404666666667	525825	10.044263	10.833607	0.494083	0.248122	0.01962	5.283771	77.352859	7.698885	0.005633	0.049191	0.1717255
9	10.0396904	10.066404666666667	291377	10.049359	9.454255	0.243073	0.23918	0.025158	3.04169	7.965382	7.291966	0.008363	0.024188	0.31729
9	10.0396904	10.066404666666667	534746	10.048068	10.783167	1.611229	0.441197	0.014905	6.886605	63.766598	7.784638	0.010814	0.160352	0.1616605
9	10.0396904	10.066404666666667	566094	10.056298	10.47903	1.220376	0.670381	0.017515	5.403841	70.224609	7.491084	0.013303	0.121354	0.234151
9	10.0396904	10.066404666666667	481945	10.059203	11.090057	0.645927	0.302764	0.023209	3.669412	106.891594	7.647661	0.01527	0.064213	0.2624475
9	10.0396904	10.066404666666667	543932	10.052231	10.579522	0.532342	0.360938	0.020901	3.025251	118.747955	7.120018	0.018515	0.052958	0.402551
9	10.0396904	10.066404666666667	613362	10.045861	10.367995	1.323493	0.425003	0.022479	4.475755	47.71072	7.571275	0.02103	0.131745	0.100232
9	10.0396904	10.066404666666667	560559	10.059223	10.467495	0.808422	0.670211	0.018946	3.114035	93.06102	7.084108	0.026536	0.080366	0.227181
9	10.0396904	10.066404666666667	380418	10.057409	10.104943	1.741006	0.317154	0.018221	4.245362	12.243717	7.547797	0.030748	0.173107	0.20425300000000002
9	10.0396904	10.066404666666667	409160	10.056555	10.493621	1.819185	1.039879	0.019342	4.037148	37.286377	7.532494	0.035529	0.180895	0.4519525
9	10.0396904	10.066404666666667	523631	10.050908	10.810711	1.825984	1.300915	0.016801	3.324688	78.579659	7.572429	0.052583	0.181674	0.5354525
9	10.0396904	10.066404666666667	555070	10.055891	10.521335	2.510524	0.797408	0.018888	3.475945	71.47142	7.547503	0.066141	0.249657	0.366293
9	10.0396904	10.066404666666667	623595	10.048715	10.133895	0.743157	0.658135	0.023438	1.527906	67.481689	6.802317	0.10133	0.073955	0.577485
10	10.066404666666667	10.0946216	550736	10.081594	10.523618	0.58671	0.416944	0.012293	7.112425	67.746651	7.351684	0.003692	0.058196	0.1849545
10	10.066404666666667	10.0946216	181036	10.093121	9.287254	0.23002	0.23002	0.027312	3.584999	6.252654	7.938415	0.005697	0.02279	0.250172
10	10.066404666666667	10.0946216	528705	10.080397	10.810802	0.912537	0.458963	0.01535	5.88335	78.562187	7.698154	0.008392	0.090526	0.2682345
10	10.066404666666667	10.0946216	577202	10.078979	10.351027	0.873005	0.419442	0.020248	5.098531	40.834194	7.581681	0.01069	0.086616	0.153511
10	10.066404666666667	10.0946216	540711	10.075131	10.724234	1.241039	1.227865	0.024711	5.414138	107.533897	7.473916	0.013476	0.123178	0.3792835
10	10.066404666666667	10.0946216	558313	10.088313	10.559677	0.510144	0.28525	0.025197	3.213958	75.173073	7.41277	0.01572	0.050568	0.165624
10	10.066404666666667	10.0946216	239139	10.077287	9.643771	0.743612	0.729123	0.030363	3.589852	20.628006	7.19242	0.018367	0.073791	0.3812145
10	10.066404666666667	10.0946216	550515	10.073943	10.688657	1.851032	0.551866	0.024534	5.461697	35.844219	7.746049	0.019752	0.183745	0.198119
10	10.066404666666667	10.0946216	609826	10.089285	10.373544	1.018705	0.165751	0.021504	3.899135	29.298695	7.502072	0.021329	0.100969	0.071554
10	10.066404666666667	10.0946216	302426	10.079237	9.001598	0.616765	0.616765	0.033463	2.728869	1.941052	7.254724	0.026364	0.061192	0.413726
10	10.066404666666667	10.0946216	548441	10.069664	10.70211	2.637187	0.50652	0.01588	5.259232	32.452953	7.831564	0.030349	0.261894	0.144737
10	10.066404666666667	10.0946216	553945	10.076573	10.479217	1.453414	0.604129	0.018796	3.50062	79.25782	7.401681	0.037753	0.144237	0.259209
10	10.066404666666667	10.0946216	452827	10.075689	10.801967	1.322222	0.364393	0.02446	3.033905	70.18454	7.540864	0.045725	0.131229	0.404152
10	10.066404666666667	10.0946216	573998	10.075084	10.451377	1.391403	0.32918	0.020751	2.688102	28.98102	7.572412	0.061293	0.138103	0.25451599999999996
10	10.066404666666667	10.0946216	533024	10.075926	10.613878	1.899974	1.197167	0.018497	2.061204	106.852264	7.227936	0.142349	0.188566	0.443518
11	10.0946216	10.1214888	540139	10.100421	10.743046	0.198801	0.177361	0.020463	4.830208	43.607304	7.781954	0.002712	0.019682	0.216815
11	10.0946216	10.1214888	551538	10.103521	10.678319	0.561079	0.101985	0.015849	5.727178	33.308201	7.797867	0.005445	0.055533	0.2898395
11	10.0946216	10.1214888	556084	10.100512	10.578186	0.715788	0.283619	0.017605	5.460117	68.170395	7.570397	0.007642	0.070866	0.112725
11	10.0946216	10.1214888	562840	10.09983	10.378494	0.631444	0.631444	0.018608	4.266861	77.413597	7.218908	0.01104	0.06252	0.3348665
11	10.0946216	10.1214888	521057	10.111614	10.736583	1.28654	0.932076	0.018668	5.459055	108.175774	7.458821	0.013742	0.127234	0.275186
11	10.0946216	10.1214888	319826	10.106126	10.710142	2.224982	1.04634	0.014351	6.663774	35.534412	7.801716	0.015949	0.220162	0.103643
11	10.0946216	10.1214888	574163	10.094679	10.221515	0.613399	0.569856	0.020774	3.17095	54.494026	7.268777	0.019418	0.060765	0.3063415
11	10.0946216	10.1214888	543843	10.094804	10.63375	1.001673	0.573553	0.021435	3.645939	68.408813	7.558976	0.023986	0.099227	0.358303
11	10.0946216	10.1214888	531028	10.108832	10.631046	1.689859	1.192326	0.014326	4.431169	43.524658	7.609251	0.027395	0.167167	0.294977
11	10.0946216	10.1214888	557760	10.113914	10.443186	1.084386	0.254149	0.028197	3.277469	40.052513	7.641264	0.032133	0.107217	0.18635200000000002
11	10.0946216	10.1214888	548124	10.099165	10.571537	1.186142	0.854816	0.023175	3.205983	95.229759	7.221573	0.036734	0.11745	0.298338
11	10.0946216	10.1214888	511127	10.094752	10.82291	1.349914	0.221193	0.022929	3.171871	92.649818	7.537663	0.04271	0.133724	0.116481
11	10.0946216	10.1214888	529109	10.094997	10.744137	1.236438	0.769713	0.019443	2.70565	96.698341	7.338407	0.053762	0.12248	0.38497
11	10.0946216	10.1214888	538679	10.10217	10.712061	1.6725	0.661575	0.027653	2.849405	91.567543	7.514279	0.06557	0.165558	0.532224
11	10.0946216	10.1214888	585995	10.118198	10.53276	1.601752	0.303405	0.017814	1.90881	70.813858	7.294221	0.139933	0.158304	0.282642
12	10.1214888	10.1529048	47612	10.124407	8.802097	0.049838	0.049838	0.04731	2.88515	6.929673	7.030361	0.001906	0.004923	0.19533699999999998
12	10.1214888	10.1529048	366828	10.12488	9.933719	0.498712	0.408652	0.019777	6.268522	20.045242	8.244962	0.00404	0.049256	0.20692
12	10.1214888	10.1529048	508976	10.133845	10.956124	1.292169	0.484547	0.012649	8.450926	51.938541	7.975257	0.005759	0.12751	0.087408
12	10.1214888	10.1529048	162395	10.128215	10.110415	0.371086	0.348639	0.026887	3.810812	17.888039	7.699376	0.008134	0.036639	0.26690400000000003
12	10.1214888	10.1529048	513639	10.142591	10.875164	1.578925	0.705194	0.013031	6.427599	73.674767	7.858178	0.012165	0.155673	0.238151
12	10.1214888	10.1529048	454377	10.126964	10.564621	1.8866	1.838657	0.016946	6.277111	33.332069	7.760112	0.015241	0.186295	0.385444
12	10.1214888	10.1529048	325273	10.130309	10.407643	2.2747	1.103119	0.01726	6.109191	28.578548	7.74059	0.0194	0.224544	0.1421625
12	10.1214888	10.1529048	516549	10.151765	10.794589	2.451874	1.381288	0.016989	5.810249	97.464882	7.713199	0.023118	0.241522	0.218888
12	10.1214888	10.1529048	542505	10.135282	10.680132	1.076295	0.991306	0.020552	3.575249	39.371727	7.657907	0.026802	0.106193	0.350882
12	10.1214888	10.1529048	350634	10.122686	10.331449	1.067513	0.398423	0.026979	3.337228	83.678581	7.414077	0.030511	0.105457	0.1979145
12	10.1214888	10.1529048	533890	10.142241	10.730235	1.288808	0.539123	0.021631	3.334925	80.553192	7.6263	0.036886	0.127073	0.1911735
12	10.1214888	10.1529048	498443	10.1321	10.982448	1.190946	0.953844	0.031726	2.738129	126.575302	7.354761	0.050563	0.117542	0.45663149999999997
12	10.1214888	10.1529048	504125	10.140656	10.672218	1.860341	1.674345	0.020293	3.100453	84.668488	7.481957	0.061602	0.183454	0.418489
12	10.1214888	10.1529048	519973	10.136461	10.543649	1.638012	0.573143	0.019249	2.424255	74.761154	7.382433	0.088718	0.161596	0.33674550000000003
12	10.1214888	10.1529048	484997	10.144556	11.043386	1.65259	0.506622	0.024313	2.04172	104.310753	7.469009	0.126189	0.162904	0.26857600000000004
13	10.1529048	10.1873852	158171	10.165607	9.986342	0.249885	0.221205	0.027866	5.158022	19.385569	7.644366	0.00299	0.024581	0.2869865
13	10.1529048	10.1873852	317100	10.183553	9.321027	0.188459	0.073157	0.037028	3.018746	6.997997	7.257998	0.006583	0.018506	0.177194
13	10.1529048	10.1873852	261465	10.158813	10.500471	0.874078	0.649763	0.020197	5.660803	39.058758	7.807752	0.008682	0.086041	0.111055
13	10.1529048	10.1873852	295093	10.175146	10.246464	1.16932	0.699475	0.023942	6.00456	33.715584	7.627145	0.010323	0.114919	0.179474
13	10.1529048	10.1873852	600305	10.154633	10.486063	1.797909	0.449468	0.021205	6.225892	28.922108	7.866021	0.014764	0.177053	0.163435
13	10.1529048	10.1873852	238212	10.170268	8.658604	0.330264	0.330264	0.050044	2.476295	1.373177	7.154631	0.017144	0.032473	0.394089
13	10.1529048	10.1873852	529479	10.157484	10.888197	1.298864	1.160868	0.021553	4.461671	45.117229	7.826535	0.020769	0.127873	0.2846675
13	10.1529048	10.1873852	527075	10.161357	10.813082	2.879708	1.301007	0.016193	6.192316	74.978928	7.791243	0.023905	0.283398	0.0959325
13	10.1529048	10.1873852	524726	10.154711	10.867411	2.526142	1.527616	0.014976	5.102617	61.969719	7.761973	0.030883	0.248765	0.2535725
13	10.1529048	10.1873852	457923	10.187095	11.134214	4.212594	1.139575	0.015604	6.039458	112.894859	7.828305	0.036762	0.413523	0.118494
13	10.1529048	10.1873852	517815	10.167353	10.884796	2.29801	0.32688	0.01986	3.935587	106.459229	7.593495	0.047226	0.226018	0.171276
13	10.1529048	10.1873852	487020	10.17837	11.050287	8.578068	5.01935	0.011874	6.94019	75.509941	7.964204	0.056689	0.842774	0.43632699999999996
13	10.1529048	10.1873852	266650	10.174469	9.139602	1.23433	1.179989	0.034283	2.397649	1.791647	7.812558	0.068346	0.121316	0.57522
13	10.1529048	10.1873852	530480	10.158252	10.774337	2.796055	0.657518	0.023058	3.208923	94.736732	7.6979	0.086433	0.27525	0.27544
13	10.1529048	10.1873852	519752	10.168199	10.721665	3.090504	0.823439	0.02065	2.715444	78.785301	7.561534	0.133413	0.303938	0.113572
14	10.1873852	10.216563	596139	10.192056	10.588681	1.58939	0.576734	0.01849	11.860527	33.036842	7.961186	0.003596	0.155944	0.4097925
14	10.1873852	10.216563	531593	10.202003	10.795942	1.25609	1.027066	0.015421	7.439725	36.547661	7.930705	0.007224	0.123122	0.38163
14	10.1873852	10.216563	517936	10.20444	10.894045	0.739023	0.264951	0.02067	4.795026	47.804398	7.884698	0.010231	0.072422	0.199547
14	10.1873852	10.216563	514110	10.201187	10.867148	0.913297	0.497213	0.022168	4.70605	109.045845	7.627901	0.013127	0.089528	0.2483475
14	10.1873852	10.216563	539834	10.194458	10.656231	2.3283	0.946628	0.020944	6.563031	49.568821	7.854012	0.017206	0.228389	0.241141
14	10.1873852	10.216563	520089	10.193538	10.840836	2.809763	0.485392	0.016501	6.508144	64.70887	7.865175	0.021116	0.275642	0.26341549999999997
14	10.1873852	10.216563	560131	10.196374	10.530807	0.878108	0.139666	0.025216	3.322665	40.610931	7.602974	0.025318	0.08612	0.3834365
14	10.1873852	10.216563	553757	10.209659	10.460755	1.076695	1.046529	0.024003	3.498532	43.002563	7.550896	0.028001	0.105458	0.53812
14	10.1873852	10.216563	534984	10.210905	10.66445	2.051276	0.982051	0.016206	4.278581	89.734261	7.507841	0.035668	0.200891	0.241173
14	10.1873852	10.216563	129408	10.201786	10.38144	3.163304	1.435873	0.021917	5.052341	20.363638	7.85244	0.039446	0.310074	0.1766055
14	10.1873852	10.216563	526610	10.194417	10.777164	3.257954	2.354137	0.017197	4.609643	81.815445	7.662643	0.048805	0.319582	0.527099
14	10.1873852	10.216563	516518	10.191048	10.807296	3.144836	1.64722	0.018236	4.180684	107.406448	7.634869	0.057273	0.308588	0.620649
14	10.1873852	10.216563	256399	10.210141	10.097445	1.834194	1.819768	0.025359	2.821564	28.584263	7.268781	0.073336	0.179644	0.378285
14	10.1873852	10.216563	524122	10.213322	10.810998	2.007125	0.505789	0.025925	2.571507	106.773071	7.521519	0.096616	0.19652	0.180507
14	10.1873852	10.216563	530310	10.195572	10.767959	2.266855	0.900954	0.021287	1.894666	70.393806	7.471111	0.201006	0.222337	0.4266
15	10.216563	10.245977400000001	81792	10.240779	8.890958	0.098554	0.098554	0.061896	3.6562	5.173524	7.462902	0.002347	0.009624	0.21941549999999999
15	10.216563	10.245977400000001	450538	10.23641	10.868383	2.136716	0.697133	0.013795	10.704238	78.491745	7.961283	0.005936	0.208737	0.224382
15	10.216563	10.245977400000001	274533	10.243608	10.110653	0.915849	0.7969	0.021852	5.888418	37.148945	7.44562	0.008408	0.089407	0.30779
15	10.216563	10.245977400000001	174745	10.238752	9.175867	0.193006	0.187313	0.043959	2.333556	5.692494	7.269111	0.011282	0.018851	0.322455
15	10.216563	10.245977400000001	531455	10.235474	10.64055	0.56829	0.288956	0.023738	3.776172	54.588505	7.653482	0.012686	0.055522	0.1483795
15	10.216563	10.245977400000001	537468	10.220923	10.631968	1.136429	0.770514	0.018377	4.612032	69.013626	7.621961	0.017006	0.111187	0.30285799999999996
15	10.216563	10.245977400000001	518429	10.216613	10.842928	5.638896	3.080528	0.013604	9.408257	62.487438	7.934025	0.020278	0.551934	0.18447750000000002
15	10.216563	10.245977400000001	518349	10.241995	10.804955	3.453922	1.395705	0.015337	6.710222	54.878761	7.95969	0.024417	0.337231	0.19659749999999998
15	10.216563	10.245977400000001	164834	10.233829	10.049513	0.914729	0.725256	0.02443	3.016189	21.386753	7.440755	0.032006	0.089383	0.4552385
15	10.216563	10.245977400000001	528460	10.234051	10.683686	0.757672	0.158018	0.02959	2.441171	68.136978	7.562392	0.04047	0.074034	0.328529
15	10.216563	10.245977400000001	536157	10.226038	10.706075	2.020648	1.821234	0.024619	3.592172	41.128864	7.713113	0.049846	0.197598	0.453849
15	10.216563	10.245977400000001	527408	10.23201	10.793083	2.52784	0.790533	0.021562	3.669919	43.620575	7.837582	0.059743	0.247052	0.586804
15	10.216563	10.245977400000001	534312	10.240883	10.618835	1.210366	0.86141	0.023151	2.25572	92.161957	7.339581	0.075718	0.11819	0.415663
15	10.216563	10.245977400000001	113707	10.232137	10.649042	5.431899	3.68354	0.017514	4.345251	53.062664	7.743136	0.091574	0.530866	0.443333
15	10.216563	10.245977400000001	13359	10.223692	9.486523	1.665496	0.913006	0.014034	1.866411	3.013513	7.645274	0.152188	0.162906	0.486907
16	10.245977400000001	10.278291133333333	419174	10.245981	10.389734	0.627442	0.457155	0.01831	7.928961	25.558369	7.891515	0.003177	0.061238	0.058199
16	10.245977400000001	10.278291133333333	361223	10.247256	10.447006	1.993521	0.878133	0.018548	10.436831	25.547333	8.220451	0.005826	0.194542	0.0999945
16	10.245977400000001	10.278291133333333	119274	10.275369	10.684607	2.604645	0.617915	0.018434	9.720523	36.038799	8.498237	0.008774	0.253484	0.1704915
16	10.245977400000001	10.278291133333333	375857	10.272562	9.632957	0.12119	0.101322	0.026687	1.848183	13.58165	7.031275	0.011293	0.011797	0.2356895
16	10.245977400000001	10.278291133333333	547644	10.253306	10.538074	0.895042	0.420896	0.026864	4.290733	78.454628	7.619543	0.015475	0.087293	0.411694
16	10.245977400000001	10.278291133333333	487631	10.259187	11.006015	3.512002	1.163326	0.017471	8.033366	106.378441	7.936109	0.017322	0.342328	0.122456
16	10.245977400000001	10.278291133333333	452257	10.261958	10.404764	1.13388	0.371745	0.020823	4.162186	22.203514	7.670679	0.020834	0.110494	0.431354
16	10.245977400000001	10.278291133333333	204406	10.246177	10.150359	1.105971	0.855429	0.02216	3.670444	22.042915	7.389643	0.026131	0.10794	0.302004
16	10.245977400000001	10.278291133333333	511155	10.265343	10.899281	2.345369	0.808249	0.019931	4.912627	101.222359	7.707855	0.030934	0.228475	0.240837
16	10.245977400000001	10.278291133333333	531148	10.259582	10.669666	0.794241	0.743314	0.024724	2.545368	124.764229	7.084387	0.039021	0.077415	0.517165
16	10.245977400000001	10.278291133333333	530015	10.257095	10.764132	3.121782	1.329473	0.019735	4.574698	82.759552	7.736589	0.047482	0.304353	0.408426
16	10.245977400000001	10.278291133333333	513465	10.25	10.855014	1.513912	1.282128	0.021134	2.95025	106.593018	7.28807	0.055365	0.147699	0.613143
16	10.245977400000001	10.278291133333333	355863	10.262146	10.592136	1.766694	0.38546	0.029374	2.784901	44.347019	7.662266	0.072509	0.172156	0.44770350000000003
16	10.245977400000001	10.278291133333333	526597	10.247717	10.755219	1.76188	0.920223	0.023639	2.425569	94.085625	7.491255	0.095323	0.171929	0.515369
16	10.245977400000001	10.278291133333333	470807	10.27387	11.111829	5.301184	5.073273	0.020584	3.025128	138.785553	7.494418	0.184389	0.515987	0.8708925000000001
17	10.278291133333333	10.3231352	54989	10.305892	8.914077	0.086606	0.086606	0.054464	3.274708	4.264427	7.320036	0.002571	0.008404	0.196989
17	10.278291133333333	10.3231352	251515	10.281782	10.200473	0.24326	0.237857	0.038209	2.986295	50.997059	7.189493	0.008683	0.023659	0.187589
17	10.278291133333333	10.3231352	533123	10.319462	10.701077	1.177193	1.161499	0.021276	5.710238	36.971066	7.95211	0.011492	0.114075	0.26597499999999996
17	10.278291133333333	10.3231352	496728	10.304607	11.034908	3.832495	1.805063	0.017244	9.005426	69.518616	8.070714	0.015043	0.371921	0.10651250000000001
17	10.278291133333333	10.3231352	506781	10.29865	10.900937	3.110508	1.508464	0.016756	6.649518	102.369064	7.877095	0.022392	0.302031	0.633655
17	10.278291133333333	10.3231352	479321	10.288518	11.174771	3.333368	0.632306	0.014145	6.344086	93.463364	8.007837	0.026363	0.323989	0.121783
17	10.278291133333333	10.3231352	450473	10.322517	11.178123	2.552751	1.338254	0.01806	5.142458	119.373634	7.943267	0.030727	0.247299	0.414065
17	10.278291133333333	10.3231352	534455	10.30684	10.650605	1.790694	1.650145	0.021753	4.078292	99.408951	7.406458	0.03427	0.173738	0.5426405000000001
17	10.278291133333333	10.3231352	37620	10.316661	10.735864	4.877789	2.595222	0.017737	6.229171	70.56424	7.859553	0.040014	0.472807	0.47999349999999996
17	10.278291133333333	10.3231352	533352	10.305946	10.590688	2.397152	1.681889	0.026478	4.007384	111.588127	7.552103	0.047514	0.232599	0.67723
17	10.278291133333333	10.3231352	450474	10.317574	10.323911	3.225385	2.320504	0.021633	4.381096	16.713507	7.816288	0.053489	0.312611	0.4975535
17	10.278291133333333	10.3231352	521429	10.289545	10.766913	2.202798	1.338839	0.020189	3.372828	99.099281	7.553271	0.061636	0.214081	0.62711
17	10.278291133333333	10.3231352	434830	10.304147	10.792611	3.731668	0.401727	0.018392	3.935686	34.110455	7.880241	0.076685	0.362152	0.206366
17	10.278291133333333	10.3231352	530973	10.312273	10.763432	3.102572	1.35605	0.024662	3.083848	43.088245	7.802777	0.103845	0.300862	0.827158
17	10.278291133333333	10.3231352	488108	10.302464	10.90553	3.013565	1.668741	0.023557	2.615358	122.021431	7.536421	0.140239	0.292509	0.6590604999999999
18	10.3231352	10.3627596	89426	10.331814	9.07706	0.179239	0.179239	0.051036	5.677928	8.224948	7.016741	0.00177	0.017348	0.15687099999999998
18	10.3231352	10.3627596	289109	10.333378	9.127	0.184495	0.184495	0.033246	3.117916	8.029227	7.038282	0.006041	0.017854	0.215044
18	10.3231352	10.3627596	173018	10.350563	10.089876	0.49748	0.481924	0.031953	4.142708	15.414746	7.726655	0.009227	0.048063	0.4559605
18	10.3231352	10.3627596	498049	10.354454	11.029737	1.83006	0.584136	0.019352	6.592084	41.026314	8.150566	0.013405	0.176741	0.1179525
18	10.3231352	10.3627596	550511	10.345882	10.906449	5.863307	1.827627	0.015651	10.338081	37.863575	8.153925	0.017463	0.566729	0.0884035
18	10.3231352	10.3627596	487547	10.362626	11.084516	1.161074	0.514119	0.024092	4.249245	83.22905	7.883611	0.020469	0.112044	0.261902
18	10.3231352	10.3627596	507377	10.328247	10.961614	2.332709	1.732849	0.022671	5.578878	77.986931	7.864873	0.023857	0.225857	0.43203749999999996
18	10.3231352	10.3627596	292883	10.334087	9.787341	0.415902	0.143539	0.017874	2.183352	12.555013	7.21726	0.027771	0.040246	0.230149
18	10.3231352	10.3627596	494302	10.346426	11.044423	3.010132	0.760776	0.016455	5.490723	55.296379	8.063671	0.031782	0.290934	0.138896
18	10.3231352	10.3627596	529375	10.324996	10.71492	3.28934	0.907393	0.019355	4.969636	53.5401	7.869604	0.042395	0.31858	0.11890400000000001
18	10.3231352	10.3627596	412426	10.326038	10.28926	1.624226	0.913632	0.02987	3.131292	37.052212	7.574909	0.052729	0.157294	0.5901745
18	10.3231352	10.3627596	508893	10.354582	10.89307	4.668509	1.915075	0.020015	4.679812	103.141586	7.8035	0.067853	0.450864	0.5215339999999999
18	10.3231352	10.3627596	534594	10.335554	10.578462	2.379919	0.825049	0.017948	3.117626	79.892929	7.505519	0.077941	0.230265	0.683179
18	10.3231352	10.3627596	413490	10.35708	11.242332	2.148052	1.400224	0.03005	2.537218	166.008728	7.495858	0.106213	0.207399	0.597174
18	10.3231352	10.3627596	539370	10.3377	10.646423	3.830535	0.927123	0.023215	2.857198	62.487743	7.747948	0.149358	0.37054	0.50329
19	10.3627596	10.407844	477557	10.372636	11.093047	1.419931	0.758501	0.013781	12.31048	74.518593	8.164986	0.002982	0.136892	0.170585
19	10.3627596	10.407844	201395	10.381733	10.139959	0.962273	0.611852	0.023999	8.076341	18.902735	7.875834	0.004696	0.092689	0.3874095
19	10.3627596	10.407844	410820	10.383689	10.787302	1.071417	1.052764	0.023594	6.383602	66.853218	7.789295	0.008369	0.103183	0.2156495
19	10.3627596	10.407844	503357	10.367223	10.969478	0.891917	0.176934	0.032594	5.168429	83.820717	7.951738	0.010628	0.086032	0.2000845
19	10.3627596	10.407844	565583	10.40363	10.641757	3.361998	0.659191	0.023076	8.841108	31.806887	8.15509	0.013691	0.323156	0.055006
19	10.3627596	10.407844	486740	10.400004	11.017743	3.413385	2.597845	0.02117	7.639893	122.021713	7.821117	0.018615	0.32821	0.34082500000000004
19	10.3627596	10.407844	481570	10.384051	11.083104	4.919769	0.994393	0.017044	8.006807	89.795364	8.076688	0.024427	0.473781	0.377482
19	10.3627596	10.407844	489580	10.37885	10.935927	2.05755	1.592996	0.023465	4.978356	134.816544	7.696508	0.026426	0.198244	0.35755
19	10.3627596	10.407844	484957	10.376972	11.042805	2.832776	1.359622	0.020316	5.293631	135.203384	7.742516	0.032178	0.272987	0.373307
19	10.3627596	10.407844	504673	10.388571	10.963453	2.277296	0.308073	0.026483	4.147937	77.410957	7.901558	0.042131	0.219212	0.239572
19	10.3627596	10.407844	558652	10.384422	10.747379	1.890146	1.232064	0.020112	3.477547	94.60894	7.437841	0.049751	0.182017	0.400176
19	10.3627596	10.407844	363116	10.394897	10.487309	1.05835	0.884327	0.032422	2.375557	80.287193	7.386108	0.059696	0.101814	0.463627
19	10.3627596	10.407844	506201	10.3732	10.977813	2.608233	1.490246	0.020724	3.452237	52.825748	7.871082	0.069662	0.25144	0.44894
19	10.3627596	10.407844	513953	10.363471	10.803853	4.865211	1.679196	0.020062	4.014763	107.391052	7.738344	0.09608	0.469458	0.685969
19	10.3627596	10.407844	155685	10.388026	9.589652	1.75934	1.655806	0.033746	1.811778	6.750458	7.324186	0.170604	0.169362	0.99451
20	10.407844	10.454660800000001	503201	10.439879	10.654066	0.002236	0.0	0.0	2.663364	137.200348	6.853029	0.0001	0.000214	0.0461255
20	10.407844	10.454660800000001	490902	10.433453	11.021003	0.433579	0.358073	0.020423	5.440602	73.661301	8.028258	0.004663	0.041557	0.215657
20	10.407844	10.454660800000001	537545	10.412201	10.480649	0.446738	0.433744	0.032121	4.112944	82.454025	7.534763	0.008406	0.042905	0.33217599999999997
20	10.407844	10.454660800000001	13330	10.428249	9.77698	0.658004	0.310272	0.04085	4.066496	10.478985	7.746605	0.012666	0.063098	0.564161
20	10.407844	10.454660800000001	497015	10.413725	10.862675	1.924511	1.426156	0.030417	6.014634	126.883469	7.830232	0.016934	0.184805	0.472269
20	10.407844	10.454660800000001	534773	10.416847	10.455417	0.387816	0.305024	0.035355	2.428005	87.369217	7.238994	0.02094	0.03723	0.42174300000000003
20	10.407844	10.454660800000001	513798	10.410099	10.764987	1.494387	1.465696	0.030048	4.230188	112.187477	7.422867	0.026582	0.143552	0.405711
20	10.407844	10.454660800000001	61704	10.452973	10.423412	1.190193	1.028686	0.02652	3.407996	31.788967	7.723709	0.032619	0.113862	0.557435
20	10.407844	10.454660800000001	353812	10.42277	10.677341	2.274009	1.966247	0.024347	4.359012	66.608154	7.711228	0.038095	0.218177	0.338898
20	10.407844	10.454660800000001	508266	10.416387	10.93625	6.412067	2.247155	0.019454	6.680299	84.211693	8.037403	0.045736	0.615575	0.742783
20	10.407844	10.454660800000001	469339	10.453854	11.144573	3.56606	3.051489	0.033218	4.550184	127.954689	7.798543	0.054825	0.341124	0.742605
20	10.407844	10.454660800000001	219572	10.439457	10.544036	3.181107	1.061698	0.02484	3.613214	23.789421	7.903106	0.077561	0.30472	0.334813
20	10.407844	10.454660800000001	537953	10.420753	10.786461	2.376632	2.201823	0.023379	2.883142	108.621887	7.194786	0.091008	0.228067	0.621186
20	10.407844	10.454660800000001	459138	10.424858	11.184367	2.205029	2.059122	0.032198	2.509387	155.057159	7.416529	0.111463	0.211516	0.57357
20	10.407844	10.454660800000001	464847	10.453078	11.162287	4.303499	1.583087	0.023919	2.987242	137.007629	7.730469	0.153508	0.411697	0.485257
21	10.454660800000001	10.508851066666667	100235	10.468539	8.958323	0.001537	0.0	0.013135	2.206355	11.759212	6.501493	0.000101	0.000147	0.005522
21	10.454660800000001	10.508851066666667	237130	10.464936	10.306469	0.0363	0.0	0.009755	2.718782	50.567795	7.101197	0.001563	0.003469	0.032916
21	10.454660800000001	10.508851066666667	487749	10.507201	11.042751	1.827329	1.162061	0.022733	10.42863	76.868248	8.215796	0.005348	0.173912	0.167196
21	10.454660800000001	10.508851066666667	336595	10.486578	10.333676	1.164163	0.77592	0.026853	7.234007	21.979933	8.036593	0.007081	0.111015	0.164324
21	10.454660800000001	10.508851066666667	528418	10.458516	10.634101	1.758965	0.310376	0.022805	6.856222	38.229763	7.916927	0.011911	0.168185	0.14439
21	10.454660800000001	10.508851066666667	358634	10.493429	11.202185	4.895942	0.57546	0.019039	9.704291	90.218025	8.179282	0.016549	0.466572	0.37157799999999996
21	10.454660800000001	10.508851066666667	476928	10.468908	11.084694	1.206711	0.895989	0.021837	4.318634	85.233505	7.867589	0.020595	0.115266	0.285503
21	10.454660800000001	10.508851066666667	443012	10.462336	11.095839	3.057434	1.804359	0.022127	5.972443	123.188568	7.865881	0.027284	0.292232	0.317109
21	10.454660800000001	10.508851066666667	504558	10.488661	10.767285	1.6397	1.537064	0.030986	4.088194	124.615227	7.475954	0.031229	0.156331	0.597522
21	10.454660800000001	10.508851066666667	517545	10.50553	10.546043	1.146303	0.55569	0.023943	3.117351	128.735153	7.49406	0.037547	0.109114	0.361149
21	10.454660800000001	10.508851066666667	61709	10.503162	9.981341	1.19158	1.099039	0.039979	2.827653	43.57457	7.344398	0.047437	0.11345	0.5785990000000001
21	10.454660800000001	10.508851066666667	493014	10.474113	10.986467	2.770078	0.350859	0.020115	3.822721	43.046703	8.067071	0.060339	0.264469	0.077199
21	10.454660800000001	10.508851066666667	491118	10.467797	11.005669	2.741368	0.328287	0.019174	3.153649	81.016579	7.93051	0.087739	0.261886	0.46685750000000004
21	10.454660800000001	10.508851066666667	506352	10.455673	10.869316	3.79472	2.419315	0.023048	3.270942	97.061432	7.814245	0.112897	0.362934	0.905914
21	10.454660800000001	10.508851066666667	469577	10.462324	11.177911	5.48371	2.112948	0.024902	2.990204	110.938423	7.851796	0.195219	0.524139	0.43282600000000004
22	10.508851066666667	10.569278466666667	492862	10.554616	10.31021	0.003272	0.0	0.011004	2.217669	137.111633	6.06935	0.000212	0.00031	0.001532
22	10.508851066666667	10.569278466666667	513825	10.556139	10.592292	0.116248	0.0	0.012442	4.180589	79.788673	7.400039	0.002117	0.011012	0.03468
22	10.508851066666667	10.569278466666667	482266	10.56632	11.043069	1.083926	0.305037	0.018996	8.485815	100.368935	8.203207	0.004791	0.102583	0.25202
22	10.508851066666667	10.569278466666667	61696	10.51176	10.687518	0.512522	0.0	0.010565	4.554363	35.006226	7.883716	0.007865	0.048757	0.15565700000000002
22	10.508851066666667	10.569278466666667	490570	10.548832	10.733952	1.073361	0.0	0.013078	5.276246	148.650162	7.653124	0.012273	0.101752	0.152783
22	10.508851066666667	10.569278466666667	560915	10.519423	10.602772	1.648894	0.23876	0.026073	5.685166	40.163971	7.86968	0.016239	0.156748	0.543601
22	10.508851066666667	10.569278466666667	535602	10.552042	10.83739	3.223516	1.756966	0.026375	7.462063	86.326874	8.02847	0.018427	0.305487	0.140004
22	10.508851066666667	10.569278466666667	517673	10.514662	10.640617	2.287208	1.80814	0.023238	5.601709	91.40715	7.805754	0.023201	0.217526	0.2052765
22	10.508851066666667	10.569278466666667	494394	10.510468	10.944757	2.477793	1.927509	0.019818	5.149432	68.213722	7.990858	0.029744	0.235745	0.252332
22	10.508851066666667	10.569278466666667	468440	10.53214	11.0947	5.370723	3.657293	0.023726	6.959396	129.528015	8.016808	0.035297	0.509937	0.286793
22	10.508851066666667	10.569278466666667	461474	10.521351	11.189166	3.990729	1.232872	0.021134	5.664161	132.061218	8.02851	0.039594	0.379298	0.250805
22	10.508851066666667	10.569278466666667	454376	10.558416	11.057327	7.774951	1.387865	0.022021	7.003708	103.138458	8.172933	0.050454	0.736375	0.2725675
22	10.508851066666667	10.569278466666667	176673	10.566743	10.663026	12.594975	6.519379	0.020034	7.880914	21.109091	8.429369	0.06455	1.191945	0.560765
22	10.508851066666667	10.569278466666667	401027	10.560467	11.353868	6.770238	2.841753	0.015756	5.224176	151.164673	7.842698	0.078962	0.641093	0.468556
22	10.508851066666667	10.569278466666667	223955	10.533819	10.709731	5.487768	1.180803	0.023125	3.800697	53.584332	7.89912	0.120926	0.520967	0.599889
23	10.569278466666667	10.6311812	13317	10.61556	9.833254	0.010913	0.0	0.013117	6.232001	58.045788	7.554731	8.9e-05	0.001028	0.0082815
23	10.569278466666667	10.6311812	488600	10.622876	9.975725	0.006624	0.0	0.0	2.154123	42.837803	6.675162	0.000454	0.000624	0.01486
23	10.569278466666667	10.6311812	486510	10.584829	10.851192	0.367207	0.0	0.011928	6.366496	58.575466	7.797479	0.002884	0.034692	0.126585
23	10.569278466666667	10.6311812	463321	10.601805	10.722935	0.442086	0.0	0.018769	5.719473	183.804337	7.644746	0.004302	0.041699	0.057168
23	10.569278466666667	10.6311812	487845	10.613721	10.728439	0.648625	0.0	0.014233	5.508167	48.828808	7.952734	0.006805	0.061112	0.132285
23	10.569278466666667	10.6311812	295460	10.575066	10.780493	2.314669	0.630957	0.022794	8.394721	32.653763	8.168816	0.010455	0.21888	0.446976
23	10.569278466666667	10.6311812	369307	10.596033	10.786302	0.402253	0.0	0.007116	2.997476	122.133415	7.01473	0.014251	0.037963	0.026877
23	10.569278466666667	10.6311812	230316	10.579948	10.050464	1.262268	1.217039	0.0303	5.007446	16.039644	8.059628	0.016024	0.119308	0.471193
23	10.569278466666667	10.6311812	390248	10.587811	11.295355	3.670133	2.16464	0.021634	7.489626	173.484467	8.121786	0.020826	0.346638	0.489137
23	10.569278466666667	10.6311812	525831	10.627235	10.797565	2.516195	1.868169	0.037034	5.531994	133.296173	7.790613	0.026172	0.236769	0.4055955
23	10.569278466666667	10.6311812	445858	10.610867	10.374219	1.681858	1.141872	0.019991	4.218637	50.847569	7.467725	0.030081	0.158503	0.38501
23	10.569278466666667	10.6311812	406036	10.576267	10.59456	5.253265	3.720887	0.021963	6.338666	35.384712	7.918171	0.041618	0.496703	0.444571
23	10.569278466666667	10.6311812	470551	10.582625	11.123951	4.549838	0.944218	0.025269	5.319239	121.820007	8.061713	0.051186	0.429935	0.7290055
23	10.569278466666667	10.6311812	418682	10.627188	11.239254	3.154094	0.0	0.010678	3.762363	158.511459	7.834303	0.070926	0.296795	0.026616
23	10.569278466666667	10.6311812	514366	10.573996	11.011015	5.420659	0.307193	0.01799	3.719021	102.066971	7.873155	0.124751	0.512641	0.09758
24	10.6311812	10.695813666666666	442057	10.66953	10.524126	0.001483	0.0	0.011188	3.588181	245.595398	6.240856	3.7e-05	0.000139	0.00599
24	10.6311812	10.695813666666666	445697	10.64137	10.690382	0.103534	0.0	0.008877	10.070832	90.049728	7.831155	0.000325	0.009729	0.046432
24	10.6311812	10.695813666666666	447713	10.688045	10.376799	0.087294	0.0	0.01092	6.069036	104.409958	7.224699	0.000754	0.008167	0.0457235
24	10.6311812	10.695813666666666	481098	10.637934	10.551325	0.053753	0.0	0.007602	3.152414	53.97263	7.011173	0.001722	0.005053	0.010256
24	10.6311812	10.695813666666666	189267	10.637175	10.367963	1.365251	0.000693	0.015667	9.958867	28.544092	8.391739	0.004382	0.128347	0.199991
24	10.6311812	10.695813666666666	403062	10.632336	10.52334	0.26928	0.0	0.009913	3.499637	64.97654	7.248777	0.006999	0.025327	0.080959
24	10.6311812	10.695813666666666	456913	10.685744	11.143836	1.874207	1.257694	0.025304	7.026884	157.063202	8.050747	0.012082	0.175393	0.6185185
24	10.6311812	10.695813666666666	446157	10.693815	10.969642	2.359149	0.0	0.013352	6.872367	105.701309	7.995357	0.0159	0.220609	0.193447
24	10.6311812	10.695813666666666	89412	10.680447	10.410664	1.007208	0.0	0.011452	4.044759	24.021017	7.751777	0.019597	0.094304	0.1518735
24	10.6311812	10.695813666666666	484729	10.636208	10.921007	3.068956	2.548113	0.034462	6.470302	105.879883	8.066471	0.023334	0.288539	0.5597840000000001
24	10.6311812	10.695813666666666	444962	10.67343	11.250671	4.075735	1.023126	0.025111	6.787375	127.647385	8.139722	0.028161	0.381858	0.088676
24	10.6311812	10.695813666666666	480468	10.684745	10.894791	4.400053	0.037671	0.012644	6.318553	61.313229	7.991907	0.035081	0.411807	0.2746
24	10.6311812	10.695813666666666	464960	10.678842	10.908513	3.602612	0.0	0.016314	4.908004	144.618698	7.871574	0.047606	0.33736	0.05232
24	10.6311812	10.695813666666666	449004	10.684109	11.230172	6.980265	1.396271	0.02066	5.869831	103.36467	8.249893	0.064487	0.653331	0.195005
24	10.6311812	10.695813666666666	465080	10.695699	11.024989	7.031627	1.493915	0.023468	3.992152	130.966324	8.02405	0.14044	0.657426	0.354163
25	10.695813666666666	10.778741133333334	427942	10.700891	11.049339	0.001021	0.0	0.01084	2.769044	216.244888	6.153702	4.2e-05	9.5e-05	0.004831500000000001
25	10.695813666666666	10.778741133333334	446387	10.774283	10.832628	0.016913	0.0	0.007416	4.731949	173.384842	6.917791	0.00024	0.00157	0.009139999999999999
25	10.695813666666666	10.778741133333334	372411	10.698011	10.564017	0.097166	0.0	0.010676	6.537876	40.582439	7.731115	0.000724	0.009083	0.183276
25	10.695813666666666	10.778741133333334	467600	10.752765	10.909537	0.703137	0.002484	0.015171	11.19795	79.188011	8.130562	0.001785	0.065391	0.390085
25	10.695813666666666	10.778741133333334	19	10.696135	10.648383	0.768254	0.652501	0.032632	8.407341	28.017462	8.519178	0.00346	0.071825	0.437508
25	10.695813666666666	10.778741133333334	26797	10.74331	10.827276	1.671794	0.0	0.014264	9.342203	47.646004	8.371768	0.006097	0.155613	0.228536
25	10.695813666666666	10.778741133333334	464904	10.748488	10.921318	1.94409	0.0	0.019773	8.277197	118.173744	8.062409	0.009032	0.180871	0.1402425
25	10.695813666666666	10.778741133333334	452355	10.704224	10.929553	1.693724	0.193562	0.007998	6.678422	151.723419	7.736522	0.012088	0.158229	0.172639
25	10.695813666666666	10.778741133333334	479210	10.721899	10.677259	0.847976	0.0	0.009562	4.207069	120.097641	7.503556	0.01525	0.079088	0.0689865
25	10.695813666666666	10.778741133333334	452199	10.700571	11.122813	2.800226	0.0	0.014103	6.780583	76.780426	8.208694	0.019387	0.261689	0.238656
25	10.695813666666666	10.778741133333334	504561	10.767703	10.990297	6.396222	1.790987	0.026219	9.417576	75.518936	8.279927	0.022956	0.594019	0.260417
25	10.695813666666666	10.778741133333334	446619	10.711651	11.189011	3.117357	0.0	0.009737	5.690107	166.466064	7.90971	0.030648	0.291025	0.24223250000000002
25	10.695813666666666	10.778741133333334	448342	10.751713	11.028522	1.246714	0.0	0.016612	3.349991	131.888092	7.750737	0.035361	0.115955	0.043436
25	10.695813666666666	10.778741133333334	106356	10.744906	10.558125	3.219641	0.0	0.008648	4.424581	29.213894	7.83243	0.05235	0.299643	0.172353
25	10.695813666666666	10.778741133333334	437913	10.765292	11.115755	4.510801	0.0	0.014274	3.984215	167.28096	8.035169	0.090452	0.419013	0.303259
26	10.778741133333334	10.888714	348212	10.822829	9.48388	0.001513	0.0	0.011228	6.379871	31.486694	6.735957	1.2e-05	0.00014	0.002404
26	10.778741133333334	10.888714	410159	10.861725	10.970666	0.00478	0.0	0.012457	5.315728	148.155106	7.519106	5.4e-05	0.00044	0.007345
26	10.778741133333334	10.888714	388943	10.8635	11.16209	0.029476	0.0	0.011456	7.817884	274.615448	7.162484	0.000154	0.002713	0.009209
26	10.778741133333334	10.888714	247466	10.798675	9.961399	0.055402	0.021191	0.011459	5.171304	29.070873	8.105268	0.000659	0.00513	0.067781
26	10.778741133333334	10.888714	392289	10.853415	11.215667	0.170404	0.007546	0.005456	7.071996	216.909882	7.46241	0.001085	0.0157	0.015459
26	10.778741133333334	10.888714	465629	10.778918	10.986091	1.043749	0.159401	0.014022	11.724607	49.660488	8.310895	0.002417	0.096832	0.085251
26	10.778741133333334	10.888714	435388	10.821589	11.020361	0.842884	0.0	0.01412	8.210531	100.376724	8.156549	0.00398	0.077889	0.16484749999999998
26	10.778741133333334	10.888714	310568	10.789937	10.334142	1.17347	0.014094	0.01757	7.753873	37.689438	8.048617	0.006213	0.108756	0.1493285
26	10.778741133333334	10.888714	441850	10.830177	10.939688	0.664748	0.0	0.023654	5.086167	82.532661	7.89106	0.008179	0.061379	0.045835
26	10.778741133333334	10.888714	444229	10.856125	11.005856	0.792448	0.0	0.01938	5.082158	143.928314	7.935767	0.009766	0.072995	0.05581
26	10.778741133333334	10.888714	455458	10.84604	11.008628	1.845457	0.0	0.016883	6.8574	163.441833	7.830367	0.012492	0.17015	0.289823
26	10.778741133333334	10.888714	314811	10.818703	10.08644	0.769114	0.0	0.020747	3.92797	24.824142	8.183201	0.015867	0.071091	0.205086
26	10.778741133333334	10.888714	425468	10.87345	11.343323	5.757887	2.016308	0.024245	9.240974	101.01992	8.490968	0.021462	0.529536	0.340182
26	10.778741133333334	10.888714	375123	10.851818	10.993824	6.01826	0.067439	0.0259	7.514867	75.029495	8.325934	0.033922	0.554585	0.183264
26	10.778741133333334	10.888714	211643	10.836429	10.238004	5.924407	2.867845	0.026418	5.878258	11.90594	8.03745	0.054575	0.546712	0.440823
27	10.888714	11.014403933333332	449304	10.897387	10.656019	0.00294	0.0	0.013127	7.989764	190.554398	7.249978	1.5e-05	0.00027	0.016609
27	10.888714	11.014403933333332	214731	10.966964	9.764586	0.011948	0.0	0.01219	6.38367	20.277252	7.762817	9.3e-05	0.001089	0.022066
27	10.888714	11.014403933333332	395623	10.998958	10.826593	0.109414	0.0	0.028799	10.654915	277.210693	7.817891	0.000307	0.009948	0.041448
27	10.888714	11.014403933333332	348902	10.998676	11.653461	0.040567	0.0	0.004406	5.210623	263.966064	6.23521	0.000476	0.003688	0.000558
27	10.888714	11.014403933333332	247462	10.931423	11.09431	0.106125	0.0	0.006831	6.841543	231.08107	7.22301	0.000722	0.009708	0.018958
27	10.888714	11.014403933333332	339171	10.953936	11.654575	0.317261	0.009421	0.009564	8.075448	311.829559	7.46541	0.001549	0.028963	0.00965
27	10.888714	11.014403933333332	337025	10.963896	11.736917	0.352391	0.0	0.006482	7.237879	280.288025	7.455532	0.002141	0.032141	0.030600999999999996
27	10.888714	11.014403933333332	238203	10.94514	10.945683	0.458039	0.0	0.012671	7.23595	57.880985	8.090508	0.002785	0.041849	0.1928875
27	10.888714	11.014403933333332	410563	10.917697	11.126851	0.974513	0.0	0.015546	9.612423	167.404251	8.171153	0.003357	0.08926	0.069786
27	10.888714	11.014403933333332	412080	10.907667	11.46555	1.324784	0.003094	0.023883	8.862037	131.991043	8.344196	0.005369	0.121454	0.073982
27	10.888714	11.014403933333332	386906	11.006047	11.214077	4.916511	0.367958	0.019948	15.281963	153.815979	8.37233	0.006701	0.44671	0.081549
27	10.888714	11.014403933333332	441234	10.976619	10.946487	1.446201	0.0	0.013657	6.217983	66.045448	8.084365	0.011906	0.131753	0.086598
27	10.888714	11.014403933333332	409296	10.940341	11.222761	3.620594	0.0	0.017631	8.745364	157.730865	8.259752	0.015069	0.33094	0.116987
27	10.888714	11.014403933333332	228408	10.950531	10.264529	1.107212	0.0	0.01683	3.906506	23.889359	8.1294	0.023094	0.10111	0.203925
27	10.888714	11.014403933333332	432176	10.894338	11.138012	4.228698	0.0	0.018846	5.649661	171.779877	8.052097	0.042171	0.388156	0.3891565
28	11.014403933333332	11.2190076	300085	11.060198	11.674277	0.00499	0.0	0.005985	11.208683	338.75882	6.986453	1.3e-05	0.000451	0.004721
28	11.014403933333332	11.2190076	285055	11.215899	11.887928	0.035838	0.0	0.006871	12.703671	430.417389	7.418396	7.1e-05	0.003195	0.007704
28	11.014403933333332	11.2190076	402234	11.054035	11.085956	0.034884	0.0	0.011868	8.8249	213.774582	7.355536	0.000143	0.003156	0.009194
28	11.014403933333332	11.2190076	321340	11.024077	11.80369	0.767111	0.252137	0.009818	26.979429	278.882538	8.313909	0.000335	0.069585	0.073297
28	11.014403933333332	11.2190076	403614	11.019283	11.126461	0.11561	0.0	0.010253	7.395601	248.504883	7.584874	0.000673	0.010492	0.0728085
28	11.014403933333332	11.2190076	373377	11.048777	11.466759	0.202968	0.0	0.009823	7.829941	235.633789	7.783224	0.001054	0.01837	0.033688
28	11.014403933333332	11.2190076	426574	11.04288	10.773211	0.477181	0.0	0.02308	9.733394	178.847855	8.024432	0.001603	0.043212	0.2259305
28	11.014403933333332	11.2190076	296791	11.05545	11.519156	0.753916	0.014235	0.014818	10.880616	237.917755	8.170599	0.002027	0.068194	0.043968
28	11.014403933333332	11.2190076	313305	11.199492	11.803329	0.592971	0.0	0.007846	7.95495	338.669373	7.832454	0.002983	0.052946	0.039883
28	11.014403933333332	11.2190076	47577	11.198413	11.755008	2.492883	0.048992	0.015192	14.321799	274.630981	8.44686	0.003869	0.22261	0.197941
28	11.014403933333332	11.2190076	329115	11.203531	11.318512	1.858043	0.008408	0.017494	11.55089	275.87915	8.121875	0.004433	0.165844	0.1946045
28	11.014403933333332	11.2190076	351448	11.179467	11.593385	3.068004	0.639077	0.010122	11.906425	261.967407	8.16913	0.006889	0.274432	0.062324
28	11.014403933333332	11.2190076	427767	11.095443	10.98144	3.735085	0.576385	0.022066	10.048857	160.776642	8.173615	0.011774	0.336632	0.48139899999999997
28	11.014403933333332	11.2190076	236167	11.189038	10.261105	3.039934	0.0	0.012933	7.932545	23.066095	9.118294	0.015378	0.271689	0.6302825000000001
28	11.014403933333332	11.2190076	229309	11.201575	10.94157	5.92015	1.470468	0.020777	9.606085	42.929306	8.60558	0.020422	0.52851	0.341634
29	11.2190076	12.17902	290464	11.257099	11.938815	0.001731	0.0	0.008669	8.340741	416.905487	6.24138	8e-06	0.000154	0.0014465
29	11.2190076	12.17902	341603	11.28241	11.600097	0.047677	0.0	0.010005	14.761882	313.809418	7.970988	7e-05	0.004226	0.00557
29	11.2190076	12.17902	37606	11.415074	11.956182	0.06416	0.0	0.008871	11.062243	366.581879	7.025953	0.000167	0.005621	0.000803
29	11.2190076	12.17902	153494	11.882062	12.858948	0.565547	0.306179	0.010435	22.920233	543.982849	7.203707	0.000343	0.047597	0.021027
29	11.2190076	12.17902	365486	11.351204	11.349493	0.449957	0.008519	0.024157	14.881166	185.157791	8.509255	0.000647	0.03964	0.25912199999999996
29	11.2190076	12.17902	343438	11.347033	11.58941	0.515158	0.206707	0.015594	12.388824	295.948395	7.839484	0.001068	0.0454	0.05721899999999999
29	11.2190076	12.17902	303779	11.318434	11.599378	0.773373	0.0	0.009427	12.814337	395.014923	7.634934	0.001499	0.068329	0.025633
29	11.2190076	12.17902	353087	11.262633	11.469048	1.682115	0.051933	0.018776	15.886411	288.32959	8.10218	0.002122	0.149354	0.089071
29	11.2190076	12.17902	327391	11.29513	11.776605	1.67916	0.0	0.018151	14.107785	314.164093	8.4398	0.002685	0.148662	0.149679
29	11.2190076	12.17902	169285	11.889871	12.79128	7.782363	6.650014	0.015998	26.766083	533.061584	8.303157	0.003458	0.654537	0.19124
29	11.2190076	12.17902	289998	11.457999	11.830737	4.147787	0.018943	0.017514	17.780899	377.932678	8.340448	0.004176	0.361999	0.0685605
29	11.2190076	12.17902	295091	11.445264	11.883841	2.794303	0.196224	0.020733	13.019842	389.813019	8.226352	0.005247	0.244145	0.170305
29	11.2190076	12.17902	69240	11.383604	10.703256	3.107983	0.342407	0.016018	11.900548	46.177677	9.530749	0.006985	0.273023	0.190786
29	11.2190076	12.17902	221939	11.512684	12.537614	8.072205	4.388911	0.027603	16.718218	534.613525	8.451143	0.009193	0.701157	0.2533765
29	11.2190076	12.17902	181025	11.291672	11.816574	7.07284	0.013895	0.01237	10.902558	257.398376	8.490234	0.01894	0.626377	0.1292135
19	10.3627596	10.407844	473390	10.401499	11.104126	4.01626	2.478013	0.018437	3.024126	141.882553	7.555902	0.139789	0.386123	0.556071
6	9.7290294	9.929055933333332	100763	9.770733	9.609503	0.995209	0.504545	0.020867	1.228701	10.36395	6.950467	0.209832	0.101856	0.61369
23	10.569278466666667	10.6311812	407317	10.59576	10.050813	8.313594	1.825387	0.039153	2.446633	5.771404	8.955075	0.442081	0.784615	2.102824
12	10.1214888	10.1529048	317474	10.137225	10.59435	2.416917	1.244946	0.01817	2.284621	72.807961	7.364472	0.147395	0.23842	0.5840015000000001
24	10.6311812	10.695813666666666	439255	10.666698	11.293262	4.454946	4.037601	0.022731	2.256604	143.972839	7.410112	0.278472	0.41765	0.858864
19	10.3627596	10.407844	501757	10.36603	10.931341	3.198728	0.895448	0.028115	2.167743	117.206306	7.663324	0.216677	0.308578	0.6399900000000001
20	10.407844	10.454660800000001	508821	10.447585	10.818274	5.510092	2.956391	0.023502	4.003622	90.258873	7.77309	0.109422	0.527403	0.577262
18	10.3231352	10.3627596	502529	10.355316	10.911461	2.488133	2.103832	0.021352	2.677717	124.274956	7.339599	0.110457	0.240276	0.5772885000000001
5	9.556044333333334	9.7290294	142208	9.590611	8.382584	0.908313	0.406948	0.070555	0.227145	0.3833	6.806991	5.603737	0.094709	2.63303
22	10.508851066666667	10.569278466666667	418504	10.560498	11.450043	9.478424	6.982817	0.020432	4.744252	151.031174	8.007368	0.134045	0.897536	0.649072
3	9.3184076	9.425688266666667	509474	9.416445	9.055962	2.47757	1.596903	0.034893	0.255436	3.588969	6.498826	12.086799	0.263111	1.257505
12	10.1214888	10.1529048	525585	10.151057	10.833395	2.871624	2.071296	0.018675	2.83076	106.711388	7.423572	0.11407	0.282889	0.5719540000000001
8	10.016942533333333	10.0396904	542783	10.03615	10.647107	2.653059	1.293789	0.018565	2.37514	94.512817	7.415105	0.149699	0.26435	0.6745140000000001
11	10.0946216	10.1214888	546712	10.113297	10.592836	1.793153	1.056989	0.023243	2.363518	75.588127	7.467158	0.102176	0.177306	0.479121
23	10.569278466666667	10.6311812	324902	10.608007	10.755325	5.970379	2.33646	0.026598	4.051325	48.057343	7.941946	0.115786	0.562818	0.8505849999999999
9	10.0396904	10.066404666666667	530937	10.059138	10.734442	1.289706	1.002973	0.021995	1.887052	116.389244	7.15087	0.115285	0.128212	0.6483775
5	9.556044333333334	9.7290294	508465	9.665578	9.032325	0.739052	0.403263	0.022913	1.23845	2.29956	8.174531	0.15338	0.076462	1.162537
3	9.3184076	9.425688266666667	158634	9.356744	8.341849	0.778862	0.370169	0.050987	0.18678	0.343051	6.410014	7.106372	0.083241	2.598708
20	10.407844	10.454660800000001	499127	10.430894	10.907168	2.592626	1.139468	0.02606	2.757303	129.210312	7.529752	0.108548	0.248553	0.48412449999999996
6	9.7290294	9.929055933333332	211656	9.879219	8.860952	6.126712	3.625717	0.063324	0.196596	0.533639	6.923612	50.457784	0.620162	2.9731259999999997
4	9.425688266666667	9.556044333333334	617671	9.506504	10.486345	0.707949	0.449588	0.022186	1.157203	79.883522	6.764645	0.16828	0.07447	0.5643665
13	10.1529048	10.1873852	178655	10.167931	10.198555	4.301748	1.37032	0.024083	2.747224	10.188684	7.690374	0.181429	0.42307	0.614539
12	10.1214888	10.1529048	446754	10.129033	9.790031	2.152112	1.256645	0.029596	2.614952	5.650678	8.116266	0.100181	0.21247	0.824546
23	10.569278466666667	10.6311812	325668	10.596019	10.624603	8.229543	2.663911	0.019441	4.585248	15.408695	8.171627	0.124595	0.776664	0.5104515000000001
28	11.014403933333332	11.2190076	309783	11.148084	11.801992	0.020835	0.0	0.009412	10.047753	370.180176	7.151002	6.6e-05	0.001869	0.001763
24	10.6311812	10.695813666666666	506420	10.649179	10.316881	0.129068	0.0	0.014128	7.807991	99.869072	7.45202	0.000674	0.01212	0.051167
24	10.6311812	10.695813666666666	513236	10.638357	9.97084	0.000632	0.0	0.016257	4.241994	134.794418	6.613181	1.1e-05	5.9e-05	0.005802
23	10.569278466666667	10.6311812	431502	10.629241	10.479712	0.002754	0.0	0.009254	2.745172	130.919785	6.409194	0.000116	0.000259	0.0097245
29	11.2190076	12.17902	162381	11.424233	11.381039	0.076396	0.001484	0.009436	9.741772	189.958023	7.417601	0.000256	0.006687	0.005188
20	10.407844	10.454660800000001	200232	10.45311	10.214232	0.001853	0.0	0.0	3.403888	117.875778	6.432309	5.1e-05	0.000177	-0.00026599999999999996
18	10.3231352	10.3627596	61746	10.330213	9.265241	9.458607	8.215981	0.050651	0.48465	0.503078	7.390483	12.817999	0.915626	2.23621
3	9.3184076	9.425688266666667	232957	9.324308	9.815284	0.288016	0.164829	0.010406	5.437701	13.418092	7.202586	0.003101	0.030889	0.1241275
10	10.066404666666667	10.0946216	320705	10.078281	8.829292	2.239446	2.014743	0.069382	0.503467	0.429359	7.205264	2.812216	0.222205	2.003735
21	10.454660800000001	10.508851066666667	413342	10.503827	10.092649	22.036205	17.110952	0.036147	2.367636	6.119071	8.853659	1.251287	2.097922	1.368672
19	10.3627596	10.407844	471058	10.401031	9.515068	4.970167	4.610869	0.019551	1.413882	10.799714	7.042875	0.791397	0.477853	0.924404
29	11.2190076	12.17902	182880	11.898936	12.817598	0.105169	0.032318	0.005188	34.128033	512.635071	6.608693	2.9e-05	0.008839	0.0013195
29	11.2190076	12.17902	198409	11.607499	12.417472	0.030994	0.0	0.0067	20.465279	484.1586	6.880174	2.4e-05	0.00267	0.001248
